8 -1
24 -3
40 -5
56 -7
72 -9
88 -11
104 -13
120 -15
136 -17
152 -19
168 -21
184 -23
200 -25
216 -27
232 -29
248 -31
264 -33
280 -35
296 -37
312 -39
328 -41
344 -43
360 -45
376 -47
392 -49
408 -51
424 -53
440 -55
456 -57
472 -59
488 -61
504 -63
520 -65
536 -67
552 -69
568 -71
584 -73
600 -75
616 -77
632 -79
648 -81
664 -83
680 -85
696 -87
712 -89
728 -91
744 -93
760 -95
776 -97
792 -99
808 -101
824 -103
840 -105
856 -107
872 -109
888 -111
904 -113
920 -115
936 -117
952 -119
968 -121
984 -123
1000 -125
1016 -127
1032 -129
1048 -131
1064 -133
1080 -135
1096 -137
1112 -139
1128 -141
1144 -143
1160 -145
1176 -147
1192 -149
1208 -151
1224 -153
1240 -155
1256 -157
1272 -159
1288 -161
1304 -163
1320 -165
1336 -167
1352 -169
1368 -171
1384 -173
1400 -175
1416 -177
1432 -179
1448 -181
1464 -183
1480 -185
1496 -187
1512 -189
1528 -191
1544 -193
1560 -195
1576 -197
1592 -199
1608 -201
1624 -203
1640 -205
1656 -207
1672 -209
1688 -211
1704 -213
1720 -215
1736 -217
1752 -219
1768 -221
1784 -223
1800 -225
1816 -227
1832 -229
1848 -231
1864 -233
1880 -235
1896 -237
1912 -239
1928 -241
1944 -243
1960 -245
1976 -247
1992 -249
2008 -251
2024 -253
2040 -255
2056 -257
2072 -259
2088 -261
2104 -263
2120 -265
2136 -267
2152 -269
2168 -271
2184 -273
2200 -275
2216 -277
2232 -279
2248 -281
2264 -283
2280 -285
2296 -287
2312 -289
2328 -291
2344 -293
2360 -295
2376 -297
2392 -299
2408 -301
2424 -303
2440 -305
2456 -307
2472 -309
2488 -311
2504 -313
2520 -315
2536 -317
2552 -319
2568 -321
2584 -323
2600 -325
2616 -327
2632 -329
2648 -331
2664 -333
2680 -335
2696 -337
2712 -339
2728 -341
2744 -343
2760 -345
2776 -347
2792 -349
2808 -351
2824 -353
2840 -355
2856 -357
2872 -359
2888 -361
2904 -363
2920 -365
2936 -367
2952 -369
2968 -371
2984 -373
3000 -375
3016 -377
3032 -379
3048 -381
3064 -383
3080 -385
3096 -387
3112 -389
3128 -391
3144 -393
3160 -395
3176 -397
3192 -399
3208 -401
3224 -403
3240 -405
3256 -407
3272 -409
3288 -411
3304 -413
3320 -415
3336 -417
3352 -419
3368 -421
3384 -423
3400 -425
3416 -427
3432 -429
3448 -431
3464 -433
3480 -435
3496 -437
3512 -439
3528 -441
3544 -443
3560 -445
3576 -447
3592 -449
3608 -451
3624 -453
3640 -455
3656 -457
3672 -459
3688 -461
3704 -463
3720 -465
3736 -467
3752 -469
3768 -471
3784 -473
3800 -475
3816 -477
3832 -479
3848 -481
3864 -483
3880 -485
3896 -487
3912 -489
3928 -491
3944 -493
3960 -495
3976 -497
3992 -499
4008 -501
4024 -503
4040 -505
4056 -507
4072 -509
4088 -511
4104 -513
4120 -515
4136 -517
4152 -519
4168 -521
4184 -523
4200 -525
4216 -527
4232 -529
4248 -531
4264 -533
4280 -535
4296 -537
4312 -539
4328 -541
4344 -543
4360 -545
4376 -547
4392 -549
4408 -551
4424 -553
4440 -555
4456 -557
4472 -559
4488 -561
4504 -563
4520 -565
4536 -567
4552 -569
4568 -571
4584 -573
4600 -575
4616 -577
4632 -579
4648 -581
4664 -583
4680 -585
4696 -587
4712 -589
4728 -591
4744 -593
4760 -595
4776 -597
4792 -599
4808 -601
4824 -603
4840 -605
4856 -607
4872 -609
4888 -611
4904 -613
4920 -615
4936 -617
4952 -619
4968 -621
4984 -623
5000 -625
5016 -627
5032 -629
5048 -631
5064 -633
5080 -635
5096 -637
5112 -639
5128 -641
5144 -643
5160 -645
5176 -647
5192 -649
5208 -651
5224 -653
5240 -655
5256 -657
5272 -659
5288 -661
5304 -663
5320 -665
5336 -667
5352 -669
5368 -671
5384 -673
5400 -675
5416 -677
5432 -679
5448 -681
5464 -683
5480 -685
5496 -687
5512 -689
5528 -691
5544 -693
5560 -695
5576 -697
5592 -699
5608 -701
5624 -703
5640 -705
5656 -707
5672 -709
5688 -711
5704 -713
5720 -715
5736 -717
5752 -719
5768 -721
5784 -723
5800 -725
5816 -727
5832 -729
5848 -731
5864 -733
5880 -735
5896 -737
5912 -739
5928 -741
5944 -743
5960 -745
5976 -747
5992 -749
6008 -751
6024 -753
6040 -755
6056 -757
6072 -759
6088 -761
6104 -763
6120 -765
6136 -767
6152 -769
6168 -771
6184 -773
6200 -775
6216 -777
6232 -779
6248 -781
6264 -783
6280 -785
6296 -787
6312 -789
6328 -791
6344 -793
6360 -795
6376 -797
6392 -799
6408 -801
6424 -803
6440 -805
6456 -807
6472 -809
6488 -811
6504 -813
6520 -815
6536 -817
6552 -819
6568 -821
6584 -823
6600 -825
6616 -827
6632 -829
6648 -831
6664 -833
6680 -835
6696 -837
6712 -839
6728 -841
6744 -843
6760 -845
6776 -847
6792 -849
6808 -851
6824 -853
6840 -855
6856 -857
6872 -859
6888 -861
6904 -863
6920 -865
6936 -867
6952 -869
6968 -871
6984 -873
7000 -875
7016 -877
7032 -879
7048 -881
7064 -883
7080 -885
7096 -887
7112 -889
7128 -891
7144 -893
7160 -895
7176 -897
7192 -899
7208 -901
7224 -903
7240 -905
7256 -907
7272 -909
7288 -911
7304 -913
7320 -915
7336 -917
7352 -919
7368 -921
7384 -923
7400 -925
7416 -927
7432 -929
7448 -931
7464 -933
7480 -935
7496 -937
7512 -939
7528 -941
7544 -943
7560 -945
7576 -947
7592 -949
7608 -951
7624 -953
7640 -955
7656 -957
7672 -959
7688 -961
7704 -963
7720 -965
7736 -967
7752 -969
7768 -971
7784 -973
7800 -975
7816 -977
7832 -979
7848 -981
7864 -983
7880 -985
7896 -987
7912 -989
7928 -991
7944 -993
7960 -995
7976 -997
7992 -999
8008 -1001
8024 -1003
8040 -1005
8056 -1007
8072 -1009
8088 -1011
8104 -1013
8120 -1015
8136 -1017
8152 -1019
8168 -1021
8184 -1023
8200 -1025
8216 -1027
8232 -1029
8248 -1031
8264 -1033
8280 -1035
8296 -1037
8312 -1039
8328 -1041
8344 -1043
8360 -1045
8376 -1047
8392 -1049
8408 -1051
8424 -1053
8440 -1055
8456 -1057
8472 -1059
8488 -1061
8504 -1063
8520 -1065
8536 -1067
8552 -1069
8568 -1071
8584 -1073
8600 -1075
8616 -1077
8632 -1079
8648 -1081
8664 -1083
8680 -1085
8696 -1087
8712 -1089
8728 -1091
8744 -1093
8760 -1095
8776 -1097
8792 -1099
8808 -1101
8824 -1103
8840 -1105
8856 -1107
8872 -1109
8888 -1111
8904 -1113
8920 -1115
8936 -1117
8952 -1119
8968 -1121
8984 -1123
9000 -1125
9016 -1127
9032 -1129
9048 -1131
9064 -1133
9080 -1135
9096 -1137
9112 -1139
9128 -1141
9144 -1143
9160 -1145
9176 -1147
9192 -1149
9208 -1151
9224 -1153
9240 -1155
9256 -1157
9272 -1159
9288 -1161
9304 -1163
9320 -1165
9336 -1167
9352 -1169
9368 -1171
9384 -1173
9400 -1175
9416 -1177
9432 -1179
9448 -1181
9464 -1183
9480 -1185
9496 -1187
9512 -1189
9528 -1191
9544 -1193
9560 -1195
9576 -1197
9592 -1199
9608 -1201
9624 -1203
9640 -1205
9656 -1207
9672 -1209
9688 -1211
9704 -1213
9720 -1215
9736 -1217
9752 -1219
9768 -1221
9784 -1223
9800 -1225
9816 -1227
9832 -1229
9848 -1231
9864 -1233
9880 -1235
9896 -1237
9912 -1239
9928 -1241
9944 -1243
9960 -1245
9976 -1247
9992 -1249
10008 -1251
10024 -1253
10040 -1255
10056 -1257
10072 -1259
10088 -1261
10104 -1263
10120 -1265
10136 -1267
10152 -1269
10168 -1271
10184 -1273
10200 -1275
10216 -1277
10232 -1279
10248 -1281
10264 -1283
10280 -1285
10296 -1287
10312 -1289
10328 -1291
10344 -1293
10360 -1295
10376 -1297
10392 -1299
10408 -1301
10424 -1303
10440 -1305
10456 -1307
10472 -1309
10488 -1311
10504 -1313
10520 -1315
10536 -1317
10552 -1319
10568 -1321
10584 -1323
10600 -1325
10616 -1327
10632 -1329
10648 -1331
10664 -1333
10680 -1335
10696 -1337
10712 -1339
10728 -1341
10744 -1343
10760 -1345
10776 -1347
10792 -1349
10808 -1351
10824 -1353
10840 -1355
10856 -1357
10872 -1359
10888 -1361
10904 -1363
10920 -1365
10936 -1367
10952 -1369
10968 -1371
10984 -1373
11000 -1375
11016 -1377
11032 -1379
11048 -1381
11064 -1383
11080 -1385
11096 -1387
11112 -1389
11128 -1391
11144 -1393
11160 -1395
11176 -1397
11192 -1399
11208 -1401
11224 -1403
11240 -1405
11256 -1407
11272 -1409
11288 -1411
11304 -1413
11320 -1415
11336 -1417
11352 -1419
11368 -1421
11384 -1423
11400 -1425
11416 -1427
11432 -1429
11448 -1431
11464 -1433
11480 -1435
11496 -1437
11512 -1439
11528 -1441
11544 -1443
11560 -1445
11576 -1447
11592 -1449
11608 -1451
11624 -1453
11640 -1455
11656 -1457
11672 -1459
11688 -1461
11704 -1463
11720 -1465
11736 -1467
11752 -1469
11768 -1471
11784 -1473
11800 -1475
11816 -1477
11832 -1479
11848 -1481
11864 -1483
11880 -1485
11896 -1487
11912 -1489
11928 -1491
11944 -1493
11960 -1495
11976 -1497
11992 -1499
12008 -1501
12024 -1503
12040 -1505
12056 -1507
12072 -1509
12088 -1511
12104 -1513
12120 -1515
12136 -1517
12152 -1519
12168 -1521
12184 -1523
12200 -1525
12216 -1527
12232 -1529
12248 -1531
12264 -1533
12280 -1535
12296 -1537
12312 -1539
12328 -1541
12344 -1543
12360 -1545
12376 -1547
12392 -1549
12408 -1551
12424 -1553
12440 -1555
12456 -1557
12472 -1559
12488 -1561
12504 -1563
12520 -1565
12536 -1567
12552 -1569
12568 -1571
12584 -1573
12600 -1575
12616 -1577
12632 -1579
12648 -1581
12664 -1583
12680 -1585
12696 -1587
12712 -1589
12728 -1591
12744 -1593
12760 -1595
12776 -1597
12792 -1599
12808 -1601
12824 -1603
12840 -1605
12856 -1607
12872 -1609
12888 -1611
12904 -1613
12920 -1615
12936 -1617
12952 -1619
12968 -1621
12984 -1623
13000 -1625
13016 -1627
13032 -1629
13048 -1631
13064 -1633
13080 -1635
13096 -1637
13112 -1639
13128 -1641
13144 -1643
13160 -1645
13176 -1647
13192 -1649
13208 -1651
13224 -1653
13240 -1655
13256 -1657
13272 -1659
13288 -1661
13304 -1663
13320 -1665
13336 -1667
13352 -1669
13368 -1671
13384 -1673
13400 -1675
13416 -1677
13432 -1679
13448 -1681
13464 -1683
13480 -1685
13496 -1687
13512 -1689
13528 -1691
13544 -1693
13560 -1695
13576 -1697
13592 -1699
13608 -1701
13624 -1703
13640 -1705
13656 -1707
13672 -1709
13688 -1711
13704 -1713
13720 -1715
13736 -1717
13752 -1719
13768 -1721
13784 -1723
13800 -1725
13816 -1727
13832 -1729
13848 -1731
13864 -1733
13880 -1735
13896 -1737
13912 -1739
13928 -1741
13944 -1743
13960 -1745
13976 -1747
13992 -1749
14008 -1751
14024 -1753
14040 -1755
14056 -1757
14072 -1759
14088 -1761
14104 -1763
14120 -1765
14136 -1767
14152 -1769
14168 -1771
14184 -1773
14200 -1775
14216 -1777
14232 -1779
14248 -1781
14264 -1783
14280 -1785
14296 -1787
14312 -1789
14328 -1791
14344 -1793
14360 -1795
14376 -1797
14392 -1799
14408 -1801
14424 -1803
14440 -1805
14456 -1807
14472 -1809
14488 -1811
14504 -1813
14520 -1815
14536 -1817
14552 -1819
14568 -1821
14584 -1823
14600 -1825
14616 -1827
14632 -1829
14648 -1831
14664 -1833
14680 -1835
14696 -1837
14712 -1839
14728 -1841
14744 -1843
14760 -1845
14776 -1847
14792 -1849
14808 -1851
14824 -1853
14840 -1855
14856 -1857
14872 -1859
14888 -1861
14904 -1863
14920 -1865
14936 -1867
14952 -1869
14968 -1871
14984 -1873
15000 -1875
15016 -1877
15032 -1879
15048 -1881
15064 -1883
15080 -1885
15096 -1887
15112 -1889
15128 -1891
15144 -1893
15160 -1895
15176 -1897
15192 -1899
15208 -1901
15224 -1903
15240 -1905
15256 -1907
15272 -1909
15288 -1911
15304 -1913
15320 -1915
15336 -1917
15352 -1919
15368 -1921
15384 -1923
15400 -1925
15416 -1927
15432 -1929
15448 -1931
15464 -1933
15480 -1935
15496 -1937
15512 -1939
15528 -1941
15544 -1943
15560 -1945
15576 -1947
15592 -1949
15608 -1951
15624 -1953
15640 -1955
15656 -1957
15672 -1959
15688 -1961
15704 -1963
15720 -1965
15736 -1967
15752 -1969
15768 -1971
15784 -1973
15800 -1975
15816 -1977
15832 -1979
15848 -1981
15864 -1983
15880 -1985
15896 -1987
15912 -1989
15928 -1991
15944 -1993
15960 -1995
15976 -1997
15992 -1999
