40 -5
13 -13

88 -11
29 -29

136 -17
45 -45

184 -23
61 -61

232 -29
77 -77

280 -35
93 -93

328 -41
109 -109

376 -47
125 -125

424 -53
141 -141

472 -59
157 -157

520 -65
173 -173

568 -71
189 -189

616 -77
205 -205

664 -83
221 -221

712 -89
237 -237

760 -95
253 -253

808 -101
269 -269

856 -107
285 -285

904 -113
301 -301

952 -119
317 -317

1000 -125
333 -333

1048 -131
349 -349

1096 -137
365 -365

1144 -143
381 -381

1192 -149
397 -397

1240 -155
413 -413

1288 -161
429 -429

1336 -167
445 -445

1384 -173
461 -461

1432 -179
477 -477

1480 -185
493 -493

1528 -191
509 -509

1576 -197
525 -525

1624 -203
541 -541

1672 -209
557 -557

1720 -215
573 -573

1768 -221
589 -589

1816 -227
605 -605

1864 -233
621 -621

1912 -239
637 -637

1960 -245
653 -653

2008 -251
669 -669

2056 -257
685 -685

2104 -263
701 -701

2152 -269
717 -717

2200 -275
733 -733

2248 -281
749 -749

2296 -287
765 -765

2344 -293
781 -781

2392 -299
797 -797

2440 -305
813 -813

2488 -311
829 -829

2536 -317
845 -845

2584 -323
861 -861

2632 -329
877 -877

2680 -335
893 -893

2728 -341
909 -909

2776 -347
925 -925

2824 -353
941 -941

2872 -359
957 -957

2920 -365
973 -973

2968 -371
989 -989

3016 -377
1005 -1005

3064 -383
1021 -1021

3112 -389
1037 -1037

3160 -395
1053 -1053

3208 -401
1069 -1069

3256 -407
1085 -1085

3304 -413
1101 -1101

3352 -419
1117 -1117

3400 -425
1133 -1133

3448 -431
1149 -1149

3496 -437
1165 -1165

3544 -443
1181 -1181

3592 -449
1197 -1197

3640 -455
1213 -1213

3688 -461
1229 -1229

3736 -467
1245 -1245

3784 -473
1261 -1261

3832 -479
1277 -1277

3880 -485
1293 -1293

3928 -491
1309 -1309

3976 -497
1325 -1325

4024 -503
1341 -1341

4072 -509
1357 -1357

4120 -515
1373 -1373

4168 -521
1389 -1389

4216 -527
1405 -1405

4264 -533
1421 -1421

4312 -539
1437 -1437

4360 -545
1453 -1453

4408 -551
1469 -1469

4456 -557
1485 -1485

4504 -563
1501 -1501

4552 -569
1517 -1517

4600 -575
1533 -1533

4648 -581
1549 -1549

4696 -587
1565 -1565

4744 -593
1581 -1581

4792 -599
1597 -1597

4840 -605
1613 -1613

4888 -611
1629 -1629

4936 -617
1645 -1645

4984 -623
1661 -1661

5032 -629
1677 -1677

5080 -635
1693 -1693

5128 -641
1709 -1709

5176 -647
1725 -1725

5224 -653
1741 -1741

5272 -659
1757 -1757

5320 -665
1773 -1773

5368 -671
1789 -1789

5416 -677
1805 -1805

5464 -683
1821 -1821

5512 -689
1837 -1837

5560 -695
1853 -1853

5608 -701
1869 -1869

5656 -707
1885 -1885

5704 -713
1901 -1901

5752 -719
1917 -1917

5800 -725
1933 -1933

5848 -731
1949 -1949

5896 -737
1965 -1965

5944 -743
1981 -1981

5992 -749
1997 -1997

6040 -755
2013 -2013

6088 -761
2029 -2029

6136 -767
2045 -2045

6184 -773
2061 -2061

6232 -779
2077 -2077

6280 -785
2093 -2093

6328 -791
2109 -2109

6376 -797
2125 -2125

6424 -803
2141 -2141

6472 -809
2157 -2157

6520 -815
2173 -2173

6568 -821
2189 -2189

6616 -827
2205 -2205

6664 -833
2221 -2221

6712 -839
2237 -2237

6760 -845
2253 -2253

6808 -851
2269 -2269

6856 -857
2285 -2285

6904 -863
2301 -2301

6952 -869
2317 -2317

7000 -875
2333 -2333

7048 -881
2349 -2349

7096 -887
2365 -2365

7144 -893
2381 -2381

7192 -899
2397 -2397

7240 -905
2413 -2413

7288 -911
2429 -2429

7336 -917
2445 -2445

7384 -923
2461 -2461

7432 -929
2477 -2477

7480 -935
2493 -2493

7528 -941
2509 -2509

7576 -947
2525 -2525

7624 -953
2541 -2541

7672 -959
2557 -2557

7720 -965
2573 -2573

7768 -971
2589 -2589

7816 -977
2605 -2605

7864 -983
2621 -2621

7912 -989
2637 -2637

7960 -995
2653 -2653

8008 -1001
2669 -2669

8056 -1007
2685 -2685

8104 -1013
2701 -2701

8152 -1019
2717 -2717

8200 -1025
2733 -2733

8248 -1031
2749 -2749

8296 -1037
2765 -2765

8344 -1043
2781 -2781

8392 -1049
2797 -2797

8440 -1055
2813 -2813

8488 -1061
2829 -2829

8536 -1067
2845 -2845

8584 -1073
2861 -2861

8632 -1079
2877 -2877

8680 -1085
2893 -2893

8728 -1091
2909 -2909

8776 -1097
2925 -2925

8824 -1103
2941 -2941

8872 -1109
2957 -2957

8920 -1115
2973 -2973

8968 -1121
2989 -2989

9016 -1127
3005 -3005

9064 -1133
3021 -3021

9112 -1139
3037 -3037

9160 -1145
3053 -3053

9208 -1151
3069 -3069

9256 -1157
3085 -3085

9304 -1163
3101 -3101

9352 -1169
3117 -3117

9400 -1175
3133 -3133

9448 -1181
3149 -3149

9496 -1187
3165 -3165

9544 -1193
3181 -3181

9592 -1199
3197 -3197

9640 -1205
3213 -3213

9688 -1211
3229 -3229

9736 -1217
3245 -3245

9784 -1223
3261 -3261

9832 -1229
3277 -3277

9880 -1235
3293 -3293

9928 -1241
3309 -3309

9976 -1247
3325 -3325

10024 -1253
3341 -3341

10072 -1259
3357 -3357

10120 -1265
3373 -3373

10168 -1271
3389 -3389

10216 -1277
3405 -3405

10264 -1283
3421 -3421

10312 -1289
3437 -3437

10360 -1295
3453 -3453

10408 -1301
3469 -3469

10456 -1307
3485 -3485

10504 -1313
3501 -3501

10552 -1319
3517 -3517

10600 -1325
3533 -3533

10648 -1331
3549 -3549

10696 -1337
3565 -3565

10744 -1343
3581 -3581

10792 -1349
3597 -3597

10840 -1355
3613 -3613

10888 -1361
3629 -3629

10936 -1367
3645 -3645

10984 -1373
3661 -3661

11032 -1379
3677 -3677

11080 -1385
3693 -3693

11128 -1391
3709 -3709

11176 -1397
3725 -3725

11224 -1403
3741 -3741

11272 -1409
3757 -3757

11320 -1415
3773 -3773

11368 -1421
3789 -3789

11416 -1427
3805 -3805

11464 -1433
3821 -3821

11512 -1439
3837 -3837

11560 -1445
3853 -3853

11608 -1451
3869 -3869

11656 -1457
3885 -3885

11704 -1463
3901 -3901

11752 -1469
3917 -3917

11800 -1475
3933 -3933

11848 -1481
3949 -3949

11896 -1487
3965 -3965

11944 -1493
3981 -3981

11992 -1499
3997 -3997

12040 -1505
4013 -4013

12088 -1511
4029 -4029

12136 -1517
4045 -4045

12184 -1523
4061 -4061

12232 -1529
4077 -4077

12280 -1535
4093 -4093

12328 -1541
4109 -4109

12376 -1547
4125 -4125

12424 -1553
4141 -4141

12472 -1559
4157 -4157

12520 -1565
4173 -4173

12568 -1571
4189 -4189

12616 -1577
4205 -4205

12664 -1583
4221 -4221

12712 -1589
4237 -4237

12760 -1595
4253 -4253

12808 -1601
4269 -4269

12856 -1607
4285 -4285

12904 -1613
4301 -4301

12952 -1619
4317 -4317

13000 -1625
4333 -4333

13048 -1631
4349 -4349

13096 -1637
4365 -4365

13144 -1643
4381 -4381

13192 -1649
4397 -4397

13240 -1655
4413 -4413

13288 -1661
4429 -4429

13336 -1667
4445 -4445

13384 -1673
4461 -4461

13432 -1679
4477 -4477

13480 -1685
4493 -4493

13528 -1691
4509 -4509

13576 -1697
4525 -4525

13624 -1703
4541 -4541

13672 -1709
4557 -4557

13720 -1715
4573 -4573

13768 -1721
4589 -4589

13816 -1727
4605 -4605

13864 -1733
4621 -4621

13912 -1739
4637 -4637

13960 -1745
4653 -4653

14008 -1751
4669 -4669

14056 -1757
4685 -4685

14104 -1763
4701 -4701

14152 -1769
4717 -4717

14200 -1775
4733 -4733

14248 -1781
4749 -4749

14296 -1787
4765 -4765

14344 -1793
4781 -4781

14392 -1799
4797 -4797

14440 -1805
4813 -4813

14488 -1811
4829 -4829

14536 -1817
4845 -4845

14584 -1823
4861 -4861

14632 -1829
4877 -4877

14680 -1835
4893 -4893

14728 -1841
4909 -4909

14776 -1847
4925 -4925

14824 -1853
4941 -4941

14872 -1859
4957 -4957

14920 -1865
4973 -4973

14968 -1871
4989 -4989

15016 -1877
5005 -5005

15064 -1883
5021 -5021

15112 -1889
5037 -5037

15160 -1895
5053 -5053

15208 -1901
5069 -5069

15256 -1907
5085 -5085

15304 -1913
5101 -5101

15352 -1919
5117 -5117

15400 -1925
5133 -5133

15448 -1931
5149 -5149

15496 -1937
5165 -5165

15544 -1943
5181 -5181

15592 -1949
5197 -5197

15640 -1955
5213 -5213

15688 -1961
5229 -5229

15736 -1967
5245 -5245

15784 -1973
5261 -5261

15832 -1979
5277 -5277

15880 -1985
5293 -5293

15928 -1991
5309 -5309

15976 -1997
5325 -5325

