2 -1
6 -3
10 -5
14 -7
18 -9
22 -11
26 -13
30 -15
34 -17
38 -19
42 -21
46 -23
50 -25
54 -27
58 -29
62 -31
66 -33
70 -35
74 -37
78 -39
82 -41
86 -43
90 -45
94 -47
98 -49
102 -51
106 -53
110 -55
114 -57
118 -59
122 -61
126 -63
130 -65
134 -67
138 -69
142 -71
146 -73
150 -75
154 -77
158 -79
162 -81
166 -83
170 -85
174 -87
178 -89
182 -91
186 -93
190 -95
194 -97
198 -99
202 -101
206 -103
210 -105
214 -107
218 -109
222 -111
226 -113
230 -115
234 -117
238 -119
242 -121
246 -123
250 -125
254 -127
258 -129
262 -131
266 -133
270 -135
274 -137
278 -139
282 -141
286 -143
290 -145
294 -147
298 -149
302 -151
306 -153
310 -155
314 -157
318 -159
322 -161
326 -163
330 -165
334 -167
338 -169
342 -171
346 -173
350 -175
354 -177
358 -179
362 -181
366 -183
370 -185
374 -187
378 -189
382 -191
386 -193
390 -195
394 -197
398 -199
402 -201
406 -203
410 -205
414 -207
418 -209
422 -211
426 -213
430 -215
434 -217
438 -219
442 -221
446 -223
450 -225
454 -227
458 -229
462 -231
466 -233
470 -235
474 -237
478 -239
482 -241
486 -243
490 -245
494 -247
498 -249
502 -251
506 -253
510 -255
514 -257
518 -259
522 -261
526 -263
530 -265
534 -267
538 -269
542 -271
546 -273
550 -275
554 -277
558 -279
562 -281
566 -283
570 -285
574 -287
578 -289
582 -291
586 -293
590 -295
594 -297
598 -299
602 -301
606 -303
610 -305
614 -307
618 -309
622 -311
626 -313
630 -315
634 -317
638 -319
642 -321
646 -323
650 -325
654 -327
658 -329
662 -331
666 -333
670 -335
674 -337
678 -339
682 -341
686 -343
690 -345
694 -347
698 -349
702 -351
706 -353
710 -355
714 -357
718 -359
722 -361
726 -363
730 -365
734 -367
738 -369
742 -371
746 -373
750 -375
754 -377
758 -379
762 -381
766 -383
770 -385
774 -387
778 -389
782 -391
786 -393
790 -395
794 -397
798 -399
802 -401
806 -403
810 -405
814 -407
818 -409
822 -411
826 -413
830 -415
834 -417
838 -419
842 -421
846 -423
850 -425
854 -427
858 -429
862 -431
866 -433
870 -435
874 -437
878 -439
882 -441
886 -443
890 -445
894 -447
898 -449
902 -451
906 -453
910 -455
914 -457
918 -459
922 -461
926 -463
930 -465
934 -467
938 -469
942 -471
946 -473
950 -475
954 -477
958 -479
962 -481
966 -483
970 -485
974 -487
978 -489
982 -491
986 -493
990 -495
994 -497
998 -499
1002 -501
1006 -503
1010 -505
1014 -507
1018 -509
1022 -511
1026 -513
1030 -515
1034 -517
1038 -519
1042 -521
1046 -523
1050 -525
1054 -527
1058 -529
1062 -531
1066 -533
1070 -535
1074 -537
1078 -539
1082 -541
1086 -543
1090 -545
1094 -547
1098 -549
1102 -551
1106 -553
1110 -555
1114 -557
1118 -559
1122 -561
1126 -563
1130 -565
1134 -567
1138 -569
1142 -571
1146 -573
1150 -575
1154 -577
1158 -579
1162 -581
1166 -583
1170 -585
1174 -587
1178 -589
1182 -591
1186 -593
1190 -595
1194 -597
1198 -599
1202 -601
1206 -603
1210 -605
1214 -607
1218 -609
1222 -611
1226 -613
1230 -615
1234 -617
1238 -619
1242 -621
1246 -623
1250 -625
1254 -627
1258 -629
1262 -631
1266 -633
1270 -635
1274 -637
1278 -639
1282 -641
1286 -643
1290 -645
1294 -647
1298 -649
1302 -651
1306 -653
1310 -655
1314 -657
1318 -659
1322 -661
1326 -663
1330 -665
1334 -667
1338 -669
1342 -671
1346 -673
1350 -675
1354 -677
1358 -679
1362 -681
1366 -683
1370 -685
1374 -687
1378 -689
1382 -691
1386 -693
1390 -695
1394 -697
1398 -699
1402 -701
1406 -703
1410 -705
1414 -707
1418 -709
1422 -711
1426 -713
1430 -715
1434 -717
1438 -719
1442 -721
1446 -723
1450 -725
1454 -727
1458 -729
1462 -731
1466 -733
1470 -735
1474 -737
1478 -739
1482 -741
1486 -743
1490 -745
1494 -747
1498 -749
1502 -751
1506 -753
1510 -755
1514 -757
1518 -759
1522 -761
1526 -763
1530 -765
1534 -767
1538 -769
1542 -771
1546 -773
1550 -775
1554 -777
1558 -779
1562 -781
1566 -783
1570 -785
1574 -787
1578 -789
1582 -791
1586 -793
1590 -795
1594 -797
1598 -799
1602 -801
1606 -803
1610 -805
1614 -807
1618 -809
1622 -811
1626 -813
1630 -815
1634 -817
1638 -819
1642 -821
1646 -823
1650 -825
1654 -827
1658 -829
1662 -831
1666 -833
1670 -835
1674 -837
1678 -839
1682 -841
1686 -843
1690 -845
1694 -847
1698 -849
1702 -851
1706 -853
1710 -855
1714 -857
1718 -859
1722 -861
1726 -863
1730 -865
1734 -867
1738 -869
1742 -871
1746 -873
1750 -875
1754 -877
1758 -879
1762 -881
1766 -883
1770 -885
1774 -887
1778 -889
1782 -891
1786 -893
1790 -895
1794 -897
1798 -899
1802 -901
1806 -903
1810 -905
1814 -907
1818 -909
1822 -911
1826 -913
1830 -915
1834 -917
1838 -919
1842 -921
1846 -923
1850 -925
1854 -927
1858 -929
1862 -931
1866 -933
1870 -935
1874 -937
1878 -939
1882 -941
1886 -943
1890 -945
1894 -947
1898 -949
1902 -951
1906 -953
1910 -955
1914 -957
1918 -959
1922 -961
1926 -963
1930 -965
1934 -967
1938 -969
1942 -971
1946 -973
1950 -975
1954 -977
1958 -979
1962 -981
1966 -983
1970 -985
1974 -987
1978 -989
1982 -991
1986 -993
1990 -995
1994 -997
1998 -999
2002 -1001
2006 -1003
2010 -1005
2014 -1007
2018 -1009
2022 -1011
2026 -1013
2030 -1015
2034 -1017
2038 -1019
2042 -1021
2046 -1023
2050 -1025
2054 -1027
2058 -1029
2062 -1031
2066 -1033
2070 -1035
2074 -1037
2078 -1039
2082 -1041
2086 -1043
2090 -1045
2094 -1047
2098 -1049
2102 -1051
2106 -1053
2110 -1055
2114 -1057
2118 -1059
2122 -1061
2126 -1063
2130 -1065
2134 -1067
2138 -1069
2142 -1071
2146 -1073
2150 -1075
2154 -1077
2158 -1079
2162 -1081
2166 -1083
2170 -1085
2174 -1087
2178 -1089
2182 -1091
2186 -1093
2190 -1095
2194 -1097
2198 -1099
2202 -1101
2206 -1103
2210 -1105
2214 -1107
2218 -1109
2222 -1111
2226 -1113
2230 -1115
2234 -1117
2238 -1119
2242 -1121
2246 -1123
2250 -1125
2254 -1127
2258 -1129
2262 -1131
2266 -1133
2270 -1135
2274 -1137
2278 -1139
2282 -1141
2286 -1143
2290 -1145
2294 -1147
2298 -1149
2302 -1151
2306 -1153
2310 -1155
2314 -1157
2318 -1159
2322 -1161
2326 -1163
2330 -1165
2334 -1167
2338 -1169
2342 -1171
2346 -1173
2350 -1175
2354 -1177
2358 -1179
2362 -1181
2366 -1183
2370 -1185
2374 -1187
2378 -1189
2382 -1191
2386 -1193
2390 -1195
2394 -1197
2398 -1199
2402 -1201
2406 -1203
2410 -1205
2414 -1207
2418 -1209
2422 -1211
2426 -1213
2430 -1215
2434 -1217
2438 -1219
2442 -1221
2446 -1223
2450 -1225
2454 -1227
2458 -1229
2462 -1231
2466 -1233
2470 -1235
2474 -1237
2478 -1239
2482 -1241
2486 -1243
2490 -1245
2494 -1247
2498 -1249
2502 -1251
2506 -1253
2510 -1255
2514 -1257
2518 -1259
2522 -1261
2526 -1263
2530 -1265
2534 -1267
2538 -1269
2542 -1271
2546 -1273
2550 -1275
2554 -1277
2558 -1279
2562 -1281
2566 -1283
2570 -1285
2574 -1287
2578 -1289
2582 -1291
2586 -1293
2590 -1295
2594 -1297
2598 -1299
2602 -1301
2606 -1303
2610 -1305
2614 -1307
2618 -1309
2622 -1311
2626 -1313
2630 -1315
2634 -1317
2638 -1319
2642 -1321
2646 -1323
2650 -1325
2654 -1327
2658 -1329
2662 -1331
2666 -1333
2670 -1335
2674 -1337
2678 -1339
2682 -1341
2686 -1343
2690 -1345
2694 -1347
2698 -1349
2702 -1351
2706 -1353
2710 -1355
2714 -1357
2718 -1359
2722 -1361
2726 -1363
2730 -1365
2734 -1367
2738 -1369
2742 -1371
2746 -1373
2750 -1375
2754 -1377
2758 -1379
2762 -1381
2766 -1383
2770 -1385
2774 -1387
2778 -1389
2782 -1391
2786 -1393
2790 -1395
2794 -1397
2798 -1399
2802 -1401
2806 -1403
2810 -1405
2814 -1407
2818 -1409
2822 -1411
2826 -1413
2830 -1415
2834 -1417
2838 -1419
2842 -1421
2846 -1423
2850 -1425
2854 -1427
2858 -1429
2862 -1431
2866 -1433
2870 -1435
2874 -1437
2878 -1439
2882 -1441
2886 -1443
2890 -1445
2894 -1447
2898 -1449
2902 -1451
2906 -1453
2910 -1455
2914 -1457
2918 -1459
2922 -1461
2926 -1463
2930 -1465
2934 -1467
2938 -1469
2942 -1471
2946 -1473
2950 -1475
2954 -1477
2958 -1479
2962 -1481
2966 -1483
2970 -1485
2974 -1487
2978 -1489
2982 -1491
2986 -1493
2990 -1495
2994 -1497
2998 -1499
3002 -1501
3006 -1503
3010 -1505
3014 -1507
3018 -1509
3022 -1511
3026 -1513
3030 -1515
3034 -1517
3038 -1519
3042 -1521
3046 -1523
3050 -1525
3054 -1527
3058 -1529
3062 -1531
3066 -1533
3070 -1535
3074 -1537
3078 -1539
3082 -1541
3086 -1543
3090 -1545
3094 -1547
3098 -1549
3102 -1551
3106 -1553
3110 -1555
3114 -1557
3118 -1559
3122 -1561
3126 -1563
3130 -1565
3134 -1567
3138 -1569
3142 -1571
3146 -1573
3150 -1575
3154 -1577
3158 -1579
3162 -1581
3166 -1583
3170 -1585
3174 -1587
3178 -1589
3182 -1591
3186 -1593
3190 -1595
3194 -1597
3198 -1599
3202 -1601
3206 -1603
3210 -1605
3214 -1607
3218 -1609
3222 -1611
3226 -1613
3230 -1615
3234 -1617
3238 -1619
3242 -1621
3246 -1623
3250 -1625
3254 -1627
3258 -1629
3262 -1631
3266 -1633
3270 -1635
3274 -1637
3278 -1639
3282 -1641
3286 -1643
3290 -1645
3294 -1647
3298 -1649
3302 -1651
3306 -1653
3310 -1655
3314 -1657
3318 -1659
3322 -1661
3326 -1663
3330 -1665
3334 -1667
3338 -1669
3342 -1671
3346 -1673
3350 -1675
3354 -1677
3358 -1679
3362 -1681
3366 -1683
3370 -1685
3374 -1687
3378 -1689
3382 -1691
3386 -1693
3390 -1695
3394 -1697
3398 -1699
3402 -1701
3406 -1703
3410 -1705
3414 -1707
3418 -1709
3422 -1711
3426 -1713
3430 -1715
3434 -1717
3438 -1719
3442 -1721
3446 -1723
3450 -1725
3454 -1727
3458 -1729
3462 -1731
3466 -1733
3470 -1735
3474 -1737
3478 -1739
3482 -1741
3486 -1743
3490 -1745
3494 -1747
3498 -1749
3502 -1751
3506 -1753
3510 -1755
3514 -1757
3518 -1759
3522 -1761
3526 -1763
3530 -1765
3534 -1767
3538 -1769
3542 -1771
3546 -1773
3550 -1775
3554 -1777
3558 -1779
3562 -1781
3566 -1783
3570 -1785
3574 -1787
3578 -1789
3582 -1791
3586 -1793
3590 -1795
3594 -1797
3598 -1799
3602 -1801
3606 -1803
3610 -1805
3614 -1807
3618 -1809
3622 -1811
3626 -1813
3630 -1815
3634 -1817
3638 -1819
3642 -1821
3646 -1823
3650 -1825
3654 -1827
3658 -1829
3662 -1831
3666 -1833
3670 -1835
3674 -1837
3678 -1839
3682 -1841
3686 -1843
3690 -1845
3694 -1847
3698 -1849
3702 -1851
3706 -1853
3710 -1855
3714 -1857
3718 -1859
3722 -1861
3726 -1863
3730 -1865
3734 -1867
3738 -1869
3742 -1871
3746 -1873
3750 -1875
3754 -1877
3758 -1879
3762 -1881
3766 -1883
3770 -1885
3774 -1887
3778 -1889
3782 -1891
3786 -1893
3790 -1895
3794 -1897
3798 -1899
3802 -1901
3806 -1903
3810 -1905
3814 -1907
3818 -1909
3822 -1911
3826 -1913
3830 -1915
3834 -1917
3838 -1919
3842 -1921
3846 -1923
3850 -1925
3854 -1927
3858 -1929
3862 -1931
3866 -1933
3870 -1935
3874 -1937
3878 -1939
3882 -1941
3886 -1943
3890 -1945
3894 -1947
3898 -1949
3902 -1951
3906 -1953
3910 -1955
3914 -1957
3918 -1959
3922 -1961
3926 -1963
3930 -1965
3934 -1967
3938 -1969
3942 -1971
3946 -1973
3950 -1975
3954 -1977
3958 -1979
3962 -1981
3966 -1983
3970 -1985
3974 -1987
3978 -1989
3982 -1991
3986 -1993
3990 -1995
3994 -1997
3998 -1999
