4 -1
12 -3
20 -5
28 -7
36 -9
44 -11
52 -13
60 -15
68 -17
76 -19
84 -21
92 -23
100 -25
108 -27
116 -29
124 -31
132 -33
140 -35
148 -37
156 -39
164 -41
172 -43
180 -45
188 -47
196 -49
204 -51
212 -53
220 -55
228 -57
236 -59
244 -61
252 -63
260 -65
268 -67
276 -69
284 -71
292 -73
300 -75
308 -77
316 -79
324 -81
332 -83
340 -85
348 -87
356 -89
364 -91
372 -93
380 -95
388 -97
396 -99
404 -101
412 -103
420 -105
428 -107
436 -109
444 -111
452 -113
460 -115
468 -117
476 -119
484 -121
492 -123
500 -125
508 -127
516 -129
524 -131
532 -133
540 -135
548 -137
556 -139
564 -141
572 -143
580 -145
588 -147
596 -149
604 -151
612 -153
620 -155
628 -157
636 -159
644 -161
652 -163
660 -165
668 -167
676 -169
684 -171
692 -173
700 -175
708 -177
716 -179
724 -181
732 -183
740 -185
748 -187
756 -189
764 -191
772 -193
780 -195
788 -197
796 -199
804 -201
812 -203
820 -205
828 -207
836 -209
844 -211
852 -213
860 -215
868 -217
876 -219
884 -221
892 -223
900 -225
908 -227
916 -229
924 -231
932 -233
940 -235
948 -237
956 -239
964 -241
972 -243
980 -245
988 -247
996 -249
1004 -251
1012 -253
1020 -255
1028 -257
1036 -259
1044 -261
1052 -263
1060 -265
1068 -267
1076 -269
1084 -271
1092 -273
1100 -275
1108 -277
1116 -279
1124 -281
1132 -283
1140 -285
1148 -287
1156 -289
1164 -291
1172 -293
1180 -295
1188 -297
1196 -299
1204 -301
1212 -303
1220 -305
1228 -307
1236 -309
1244 -311
1252 -313
1260 -315
1268 -317
1276 -319
1284 -321
1292 -323
1300 -325
1308 -327
1316 -329
1324 -331
1332 -333
1340 -335
1348 -337
1356 -339
1364 -341
1372 -343
1380 -345
1388 -347
1396 -349
1404 -351
1412 -353
1420 -355
1428 -357
1436 -359
1444 -361
1452 -363
1460 -365
1468 -367
1476 -369
1484 -371
1492 -373
1500 -375
1508 -377
1516 -379
1524 -381
1532 -383
1540 -385
1548 -387
1556 -389
1564 -391
1572 -393
1580 -395
1588 -397
1596 -399
1604 -401
1612 -403
1620 -405
1628 -407
1636 -409
1644 -411
1652 -413
1660 -415
1668 -417
1676 -419
1684 -421
1692 -423
1700 -425
1708 -427
1716 -429
1724 -431
1732 -433
1740 -435
1748 -437
1756 -439
1764 -441
1772 -443
1780 -445
1788 -447
1796 -449
1804 -451
1812 -453
1820 -455
1828 -457
1836 -459
1844 -461
1852 -463
1860 -465
1868 -467
1876 -469
1884 -471
1892 -473
1900 -475
1908 -477
1916 -479
1924 -481
1932 -483
1940 -485
1948 -487
1956 -489
1964 -491
1972 -493
1980 -495
1988 -497
1996 -499
2004 -501
2012 -503
2020 -505
2028 -507
2036 -509
2044 -511
2052 -513
2060 -515
2068 -517
2076 -519
2084 -521
2092 -523
2100 -525
2108 -527
2116 -529
2124 -531
2132 -533
2140 -535
2148 -537
2156 -539
2164 -541
2172 -543
2180 -545
2188 -547
2196 -549
2204 -551
2212 -553
2220 -555
2228 -557
2236 -559
2244 -561
2252 -563
2260 -565
2268 -567
2276 -569
2284 -571
2292 -573
2300 -575
2308 -577
2316 -579
2324 -581
2332 -583
2340 -585
2348 -587
2356 -589
2364 -591
2372 -593
2380 -595
2388 -597
2396 -599
2404 -601
2412 -603
2420 -605
2428 -607
2436 -609
2444 -611
2452 -613
2460 -615
2468 -617
2476 -619
2484 -621
2492 -623
2500 -625
2508 -627
2516 -629
2524 -631
2532 -633
2540 -635
2548 -637
2556 -639
2564 -641
2572 -643
2580 -645
2588 -647
2596 -649
2604 -651
2612 -653
2620 -655
2628 -657
2636 -659
2644 -661
2652 -663
2660 -665
2668 -667
2676 -669
2684 -671
2692 -673
2700 -675
2708 -677
2716 -679
2724 -681
2732 -683
2740 -685
2748 -687
2756 -689
2764 -691
2772 -693
2780 -695
2788 -697
2796 -699
2804 -701
2812 -703
2820 -705
2828 -707
2836 -709
2844 -711
2852 -713
2860 -715
2868 -717
2876 -719
2884 -721
2892 -723
2900 -725
2908 -727
2916 -729
2924 -731
2932 -733
2940 -735
2948 -737
2956 -739
2964 -741
2972 -743
2980 -745
2988 -747
2996 -749
3004 -751
3012 -753
3020 -755
3028 -757
3036 -759
3044 -761
3052 -763
3060 -765
3068 -767
3076 -769
3084 -771
3092 -773
3100 -775
3108 -777
3116 -779
3124 -781
3132 -783
3140 -785
3148 -787
3156 -789
3164 -791
3172 -793
3180 -795
3188 -797
3196 -799
3204 -801
3212 -803
3220 -805
3228 -807
3236 -809
3244 -811
3252 -813
3260 -815
3268 -817
3276 -819
3284 -821
3292 -823
3300 -825
3308 -827
3316 -829
3324 -831
3332 -833
3340 -835
3348 -837
3356 -839
3364 -841
3372 -843
3380 -845
3388 -847
3396 -849
3404 -851
3412 -853
3420 -855
3428 -857
3436 -859
3444 -861
3452 -863
3460 -865
3468 -867
3476 -869
3484 -871
3492 -873
3500 -875
3508 -877
3516 -879
3524 -881
3532 -883
3540 -885
3548 -887
3556 -889
3564 -891
3572 -893
3580 -895
3588 -897
3596 -899
3604 -901
3612 -903
3620 -905
3628 -907
3636 -909
3644 -911
3652 -913
3660 -915
3668 -917
3676 -919
3684 -921
3692 -923
3700 -925
3708 -927
3716 -929
3724 -931
3732 -933
3740 -935
3748 -937
3756 -939
3764 -941
3772 -943
3780 -945
3788 -947
3796 -949
3804 -951
3812 -953
3820 -955
3828 -957
3836 -959
3844 -961
3852 -963
3860 -965
3868 -967
3876 -969
3884 -971
3892 -973
3900 -975
3908 -977
3916 -979
3924 -981
3932 -983
3940 -985
3948 -987
3956 -989
3964 -991
3972 -993
3980 -995
3988 -997
3996 -999
4004 -1001
4012 -1003
4020 -1005
4028 -1007
4036 -1009
4044 -1011
4052 -1013
4060 -1015
4068 -1017
4076 -1019
4084 -1021
4092 -1023
4100 -1025
4108 -1027
4116 -1029
4124 -1031
4132 -1033
4140 -1035
4148 -1037
4156 -1039
4164 -1041
4172 -1043
4180 -1045
4188 -1047
4196 -1049
4204 -1051
4212 -1053
4220 -1055
4228 -1057
4236 -1059
4244 -1061
4252 -1063
4260 -1065
4268 -1067
4276 -1069
4284 -1071
4292 -1073
4300 -1075
4308 -1077
4316 -1079
4324 -1081
4332 -1083
4340 -1085
4348 -1087
4356 -1089
4364 -1091
4372 -1093
4380 -1095
4388 -1097
4396 -1099
4404 -1101
4412 -1103
4420 -1105
4428 -1107
4436 -1109
4444 -1111
4452 -1113
4460 -1115
4468 -1117
4476 -1119
4484 -1121
4492 -1123
4500 -1125
4508 -1127
4516 -1129
4524 -1131
4532 -1133
4540 -1135
4548 -1137
4556 -1139
4564 -1141
4572 -1143
4580 -1145
4588 -1147
4596 -1149
4604 -1151
4612 -1153
4620 -1155
4628 -1157
4636 -1159
4644 -1161
4652 -1163
4660 -1165
4668 -1167
4676 -1169
4684 -1171
4692 -1173
4700 -1175
4708 -1177
4716 -1179
4724 -1181
4732 -1183
4740 -1185
4748 -1187
4756 -1189
4764 -1191
4772 -1193
4780 -1195
4788 -1197
4796 -1199
4804 -1201
4812 -1203
4820 -1205
4828 -1207
4836 -1209
4844 -1211
4852 -1213
4860 -1215
4868 -1217
4876 -1219
4884 -1221
4892 -1223
4900 -1225
4908 -1227
4916 -1229
4924 -1231
4932 -1233
4940 -1235
4948 -1237
4956 -1239
4964 -1241
4972 -1243
4980 -1245
4988 -1247
4996 -1249
5004 -1251
5012 -1253
5020 -1255
5028 -1257
5036 -1259
5044 -1261
5052 -1263
5060 -1265
5068 -1267
5076 -1269
5084 -1271
5092 -1273
5100 -1275
5108 -1277
5116 -1279
5124 -1281
5132 -1283
5140 -1285
5148 -1287
5156 -1289
5164 -1291
5172 -1293
5180 -1295
5188 -1297
5196 -1299
5204 -1301
5212 -1303
5220 -1305
5228 -1307
5236 -1309
5244 -1311
5252 -1313
5260 -1315
5268 -1317
5276 -1319
5284 -1321
5292 -1323
5300 -1325
5308 -1327
5316 -1329
5324 -1331
5332 -1333
5340 -1335
5348 -1337
5356 -1339
5364 -1341
5372 -1343
5380 -1345
5388 -1347
5396 -1349
5404 -1351
5412 -1353
5420 -1355
5428 -1357
5436 -1359
5444 -1361
5452 -1363
5460 -1365
5468 -1367
5476 -1369
5484 -1371
5492 -1373
5500 -1375
5508 -1377
5516 -1379
5524 -1381
5532 -1383
5540 -1385
5548 -1387
5556 -1389
5564 -1391
5572 -1393
5580 -1395
5588 -1397
5596 -1399
5604 -1401
5612 -1403
5620 -1405
5628 -1407
5636 -1409
5644 -1411
5652 -1413
5660 -1415
5668 -1417
5676 -1419
5684 -1421
5692 -1423
5700 -1425
5708 -1427
5716 -1429
5724 -1431
5732 -1433
5740 -1435
5748 -1437
5756 -1439
5764 -1441
5772 -1443
5780 -1445
5788 -1447
5796 -1449
5804 -1451
5812 -1453
5820 -1455
5828 -1457
5836 -1459
5844 -1461
5852 -1463
5860 -1465
5868 -1467
5876 -1469
5884 -1471
5892 -1473
5900 -1475
5908 -1477
5916 -1479
5924 -1481
5932 -1483
5940 -1485
5948 -1487
5956 -1489
5964 -1491
5972 -1493
5980 -1495
5988 -1497
5996 -1499
6004 -1501
6012 -1503
6020 -1505
6028 -1507
6036 -1509
6044 -1511
6052 -1513
6060 -1515
6068 -1517
6076 -1519
6084 -1521
6092 -1523
6100 -1525
6108 -1527
6116 -1529
6124 -1531
6132 -1533
6140 -1535
6148 -1537
6156 -1539
6164 -1541
6172 -1543
6180 -1545
6188 -1547
6196 -1549
6204 -1551
6212 -1553
6220 -1555
6228 -1557
6236 -1559
6244 -1561
6252 -1563
6260 -1565
6268 -1567
6276 -1569
6284 -1571
6292 -1573
6300 -1575
6308 -1577
6316 -1579
6324 -1581
6332 -1583
6340 -1585
6348 -1587
6356 -1589
6364 -1591
6372 -1593
6380 -1595
6388 -1597
6396 -1599
6404 -1601
6412 -1603
6420 -1605
6428 -1607
6436 -1609
6444 -1611
6452 -1613
6460 -1615
6468 -1617
6476 -1619
6484 -1621
6492 -1623
6500 -1625
6508 -1627
6516 -1629
6524 -1631
6532 -1633
6540 -1635
6548 -1637
6556 -1639
6564 -1641
6572 -1643
6580 -1645
6588 -1647
6596 -1649
6604 -1651
6612 -1653
6620 -1655
6628 -1657
6636 -1659
6644 -1661
6652 -1663
6660 -1665
6668 -1667
6676 -1669
6684 -1671
6692 -1673
6700 -1675
6708 -1677
6716 -1679
6724 -1681
6732 -1683
6740 -1685
6748 -1687
6756 -1689
6764 -1691
6772 -1693
6780 -1695
6788 -1697
6796 -1699
6804 -1701
6812 -1703
6820 -1705
6828 -1707
6836 -1709
6844 -1711
6852 -1713
6860 -1715
6868 -1717
6876 -1719
6884 -1721
6892 -1723
6900 -1725
6908 -1727
6916 -1729
6924 -1731
6932 -1733
6940 -1735
6948 -1737
6956 -1739
6964 -1741
6972 -1743
6980 -1745
6988 -1747
6996 -1749
7004 -1751
7012 -1753
7020 -1755
7028 -1757
7036 -1759
7044 -1761
7052 -1763
7060 -1765
7068 -1767
7076 -1769
7084 -1771
7092 -1773
7100 -1775
7108 -1777
7116 -1779
7124 -1781
7132 -1783
7140 -1785
7148 -1787
7156 -1789
7164 -1791
7172 -1793
7180 -1795
7188 -1797
7196 -1799
7204 -1801
7212 -1803
7220 -1805
7228 -1807
7236 -1809
7244 -1811
7252 -1813
7260 -1815
7268 -1817
7276 -1819
7284 -1821
7292 -1823
7300 -1825
7308 -1827
7316 -1829
7324 -1831
7332 -1833
7340 -1835
7348 -1837
7356 -1839
7364 -1841
7372 -1843
7380 -1845
7388 -1847
7396 -1849
7404 -1851
7412 -1853
7420 -1855
7428 -1857
7436 -1859
7444 -1861
7452 -1863
7460 -1865
7468 -1867
7476 -1869
7484 -1871
7492 -1873
7500 -1875
7508 -1877
7516 -1879
7524 -1881
7532 -1883
7540 -1885
7548 -1887
7556 -1889
7564 -1891
7572 -1893
7580 -1895
7588 -1897
7596 -1899
7604 -1901
7612 -1903
7620 -1905
7628 -1907
7636 -1909
7644 -1911
7652 -1913
7660 -1915
7668 -1917
7676 -1919
7684 -1921
7692 -1923
7700 -1925
7708 -1927
7716 -1929
7724 -1931
7732 -1933
7740 -1935
7748 -1937
7756 -1939
7764 -1941
7772 -1943
7780 -1945
7788 -1947
7796 -1949
7804 -1951
7812 -1953
7820 -1955
7828 -1957
7836 -1959
7844 -1961
7852 -1963
7860 -1965
7868 -1967
7876 -1969
7884 -1971
7892 -1973
7900 -1975
7908 -1977
7916 -1979
7924 -1981
7932 -1983
7940 -1985
7948 -1987
7956 -1989
7964 -1991
7972 -1993
7980 -1995
7988 -1997
7996 -1999
