640 -5
213 -213

1408 -11
469 -469

2176 -17
725 -725

2944 -23
981 -981

3712 -29
1237 -1237

4480 -35
1493 -1493

5248 -41
1749 -1749

6016 -47
2005 -2005

6784 -53
2261 -2261

7552 -59
2517 -2517

8320 -65
2773 -2773

9088 -71
3029 -3029

9856 -77
3285 -3285

10624 -83
3541 -3541

11392 -89
3797 -3797

12160 -95
4053 -4053

12928 -101
4309 -4309

13696 -107
4565 -4565

14464 -113
4821 -4821

15232 -119
5077 -5077

16000 -125
5333 -5333

16768 -131
5589 -5589

17536 -137
5845 -5845

18304 -143
6101 -6101

19072 -149
6357 -6357

19840 -155
6613 -6613

20608 -161
6869 -6869

21376 -167
7125 -7125

22144 -173
7381 -7381

22912 -179
7637 -7637

23680 -185
7893 -7893

24448 -191
8149 -8149

25216 -197
8405 -8405

25984 -203
8661 -8661

26752 -209
8917 -8917

27520 -215
9173 -9173

28288 -221
9429 -9429

29056 -227
9685 -9685

29824 -233
9941 -9941

30592 -239
10197 -10197

31360 -245
10453 -10453

32128 -251
10709 -10709

32896 -257
10965 -10965

33664 -263
11221 -11221

34432 -269
11477 -11477

35200 -275
11733 -11733

35968 -281
11989 -11989

36736 -287
12245 -12245

37504 -293
12501 -12501

38272 -299
12757 -12757

39040 -305
13013 -13013

39808 -311
13269 -13269

40576 -317
13525 -13525

41344 -323
13781 -13781

42112 -329
14037 -14037

42880 -335
14293 -14293

43648 -341
14549 -14549

44416 -347
14805 -14805

45184 -353
15061 -15061

45952 -359
15317 -15317

46720 -365
15573 -15573

47488 -371
15829 -15829

48256 -377
16085 -16085

49024 -383
16341 -16341

49792 -389
16597 -16597

50560 -395
16853 -16853

51328 -401
17109 -17109

52096 -407
17365 -17365

52864 -413
17621 -17621

53632 -419
17877 -17877

54400 -425
18133 -18133

55168 -431
18389 -18389

55936 -437
18645 -18645

56704 -443
18901 -18901

57472 -449
19157 -19157

58240 -455
19413 -19413

59008 -461
19669 -19669

59776 -467
19925 -19925

60544 -473
20181 -20181

61312 -479
20437 -20437

62080 -485
20693 -20693

62848 -491
20949 -20949

63616 -497
21205 -21205

64384 -503
21461 -21461

65152 -509
21717 -21717

65920 -515
21973 -21973

66688 -521
22229 -22229

67456 -527
22485 -22485

68224 -533
22741 -22741

68992 -539
22997 -22997

69760 -545
23253 -23253

70528 -551
23509 -23509

71296 -557
23765 -23765

72064 -563
24021 -24021

72832 -569
24277 -24277

73600 -575
24533 -24533

74368 -581
24789 -24789

75136 -587
25045 -25045

75904 -593
25301 -25301

76672 -599
25557 -25557

77440 -605
25813 -25813

78208 -611
26069 -26069

78976 -617
26325 -26325

79744 -623
26581 -26581

80512 -629
26837 -26837

81280 -635
27093 -27093

82048 -641
27349 -27349

82816 -647
27605 -27605

83584 -653
27861 -27861

84352 -659
28117 -28117

85120 -665
28373 -28373

85888 -671
28629 -28629

86656 -677
28885 -28885

87424 -683
29141 -29141

88192 -689
29397 -29397

88960 -695
29653 -29653

89728 -701
29909 -29909

90496 -707
30165 -30165

91264 -713
30421 -30421

92032 -719
30677 -30677

92800 -725
30933 -30933

93568 -731
31189 -31189

94336 -737
31445 -31445

95104 -743
31701 -31701

95872 -749
31957 -31957

96640 -755
32213 -32213

97408 -761
32469 -32469

98176 -767
32725 -32725

98944 -773
32981 -32981

99712 -779
33237 -33237

100480 -785
33493 -33493

101248 -791
33749 -33749

102016 -797
34005 -34005

102784 -803
34261 -34261

103552 -809
34517 -34517

104320 -815
34773 -34773

105088 -821
35029 -35029

105856 -827
35285 -35285

106624 -833
35541 -35541

107392 -839
35797 -35797

108160 -845
36053 -36053

108928 -851
36309 -36309

109696 -857
36565 -36565

110464 -863
36821 -36821

111232 -869
37077 -37077

112000 -875
37333 -37333

112768 -881
37589 -37589

113536 -887
37845 -37845

114304 -893
38101 -38101

115072 -899
38357 -38357

115840 -905
38613 -38613

116608 -911
38869 -38869

117376 -917
39125 -39125

118144 -923
39381 -39381

118912 -929
39637 -39637

119680 -935
39893 -39893

120448 -941
40149 -40149

121216 -947
40405 -40405

121984 -953
40661 -40661

122752 -959
40917 -40917

123520 -965
41173 -41173

124288 -971
41429 -41429

125056 -977
41685 -41685

125824 -983
41941 -41941

126592 -989
42197 -42197

127360 -995
42453 -42453

128128 -1001
42709 -42709

128896 -1007
42965 -42965

129664 -1013
43221 -43221

130432 -1019
43477 -43477

131200 -1025
43733 -43733

131968 -1031
43989 -43989

132736 -1037
44245 -44245

133504 -1043
44501 -44501

134272 -1049
44757 -44757

135040 -1055
45013 -45013

135808 -1061
45269 -45269

136576 -1067
45525 -45525

137344 -1073
45781 -45781

138112 -1079
46037 -46037

138880 -1085
46293 -46293

139648 -1091
46549 -46549

140416 -1097
46805 -46805

141184 -1103
47061 -47061

141952 -1109
47317 -47317

142720 -1115
47573 -47573

143488 -1121
47829 -47829

144256 -1127
48085 -48085

145024 -1133
48341 -48341

145792 -1139
48597 -48597

146560 -1145
48853 -48853

147328 -1151
49109 -49109

148096 -1157
49365 -49365

148864 -1163
49621 -49621

149632 -1169
49877 -49877

150400 -1175
50133 -50133

151168 -1181
50389 -50389

151936 -1187
50645 -50645

152704 -1193
50901 -50901

153472 -1199
51157 -51157

154240 -1205
51413 -51413

155008 -1211
51669 -51669

155776 -1217
51925 -51925

156544 -1223
52181 -52181

157312 -1229
52437 -52437

158080 -1235
52693 -52693

158848 -1241
52949 -52949

159616 -1247
53205 -53205

160384 -1253
53461 -53461

161152 -1259
53717 -53717

161920 -1265
53973 -53973

162688 -1271
54229 -54229

163456 -1277
54485 -54485

164224 -1283
54741 -54741

164992 -1289
54997 -54997

165760 -1295
55253 -55253

166528 -1301
55509 -55509

167296 -1307
55765 -55765

168064 -1313
56021 -56021

168832 -1319
56277 -56277

169600 -1325
56533 -56533

170368 -1331
56789 -56789

171136 -1337
57045 -57045

171904 -1343
57301 -57301

172672 -1349
57557 -57557

173440 -1355
57813 -57813

174208 -1361
58069 -58069

174976 -1367
58325 -58325

175744 -1373
58581 -58581

176512 -1379
58837 -58837

177280 -1385
59093 -59093

178048 -1391
59349 -59349

178816 -1397
59605 -59605

179584 -1403
59861 -59861

180352 -1409
60117 -60117

181120 -1415
60373 -60373

181888 -1421
60629 -60629

182656 -1427
60885 -60885

183424 -1433
61141 -61141

184192 -1439
61397 -61397

184960 -1445
61653 -61653

185728 -1451
61909 -61909

186496 -1457
62165 -62165

187264 -1463
62421 -62421

188032 -1469
62677 -62677

188800 -1475
62933 -62933

189568 -1481
63189 -63189

190336 -1487
63445 -63445

191104 -1493
63701 -63701

191872 -1499
63957 -63957

192640 -1505
64213 -64213

193408 -1511
64469 -64469

194176 -1517
64725 -64725

194944 -1523
64981 -64981

195712 -1529
65237 -65237

196480 -1535
65493 -65493

197248 -1541
65749 -65749

198016 -1547
66005 -66005

198784 -1553
66261 -66261

199552 -1559
66517 -66517

200320 -1565
66773 -66773

201088 -1571
67029 -67029

201856 -1577
67285 -67285

202624 -1583
67541 -67541

203392 -1589
67797 -67797

204160 -1595
68053 -68053

204928 -1601
68309 -68309

205696 -1607
68565 -68565

206464 -1613
68821 -68821

207232 -1619
69077 -69077

208000 -1625
69333 -69333

208768 -1631
69589 -69589

209536 -1637
69845 -69845

210304 -1643
70101 -70101

211072 -1649
70357 -70357

211840 -1655
70613 -70613

212608 -1661
70869 -70869

213376 -1667
71125 -71125

214144 -1673
71381 -71381

214912 -1679
71637 -71637

215680 -1685
71893 -71893

216448 -1691
72149 -72149

217216 -1697
72405 -72405

217984 -1703
72661 -72661

218752 -1709
72917 -72917

219520 -1715
73173 -73173

220288 -1721
73429 -73429

221056 -1727
73685 -73685

221824 -1733
73941 -73941

222592 -1739
74197 -74197

223360 -1745
74453 -74453

224128 -1751
74709 -74709

224896 -1757
74965 -74965

225664 -1763
75221 -75221

226432 -1769
75477 -75477

227200 -1775
75733 -75733

227968 -1781
75989 -75989

228736 -1787
76245 -76245

229504 -1793
76501 -76501

230272 -1799
76757 -76757

231040 -1805
77013 -77013

231808 -1811
77269 -77269

232576 -1817
77525 -77525

233344 -1823
77781 -77781

234112 -1829
78037 -78037

234880 -1835
78293 -78293

235648 -1841
78549 -78549

236416 -1847
78805 -78805

237184 -1853
79061 -79061

237952 -1859
79317 -79317

238720 -1865
79573 -79573

239488 -1871
79829 -79829

240256 -1877
80085 -80085

241024 -1883
80341 -80341

241792 -1889
80597 -80597

242560 -1895
80853 -80853

243328 -1901
81109 -81109

244096 -1907
81365 -81365

244864 -1913
81621 -81621

245632 -1919
81877 -81877

246400 -1925
82133 -82133

247168 -1931
82389 -82389

247936 -1937
82645 -82645

248704 -1943
82901 -82901

249472 -1949
83157 -83157

250240 -1955
83413 -83413

251008 -1961
83669 -83669

251776 -1967
83925 -83925

252544 -1973
84181 -84181

253312 -1979
84437 -84437

254080 -1985
84693 -84693

254848 -1991
84949 -84949

255616 -1997
85205 -85205

