5 -155
53 0

11 -341
117 0

17 -527
181 0

23 -713
245 0

29 -899
309 0

35 -1085
373 0

41 -1271
437 0

47 -1457
501 0

53 -1643
565 0

59 -1829
629 0

65 -2015
693 0

71 -2201
757 0

77 -2387
821 0

83 -2573
885 0

89 -2759
949 0

95 -2945
1013 0

101 -3131
1077 0

107 -3317
1141 0

113 -3503
1205 0

119 -3689
1269 0

125 -3875
1333 0

131 -4061
1397 0

137 -4247
1461 0

143 -4433
1525 0

149 -4619
1589 0

155 -4805
1653 0

161 -4991
1717 0

167 -5177
1781 0

173 -5363
1845 0

179 -5549
1909 0

185 -5735
1973 0

191 -5921
2037 0

197 -6107
2101 0

203 -6293
2165 0

209 -6479
2229 0

215 -6665
2293 0

221 -6851
2357 0

227 -7037
2421 0

233 -7223
2485 0

239 -7409
2549 0

245 -7595
2613 0

251 -7781
2677 0

257 -7967
2741 0

263 -8153
2805 0

269 -8339
2869 0

275 -8525
2933 0

281 -8711
2997 0

287 -8897
3061 0

293 -9083
3125 0

299 -9269
3189 0

305 -9455
3253 0

311 -9641
3317 0

317 -9827
3381 0

323 -10013
3445 0

329 -10199
3509 0

335 -10385
3573 0

341 -10571
3637 0

347 -10757
3701 0

353 -10943
3765 0

359 -11129
3829 0

365 -11315
3893 0

371 -11501
3957 0

377 -11687
4021 0

383 -11873
4085 0

389 -12059
4149 0

395 -12245
4213 0

401 -12431
4277 0

407 -12617
4341 0

413 -12803
4405 0

419 -12989
4469 0

425 -13175
4533 0

431 -13361
4597 0

437 -13547
4661 0

443 -13733
4725 0

449 -13919
4789 0

455 -14105
4853 0

461 -14291
4917 0

467 -14477
4981 0

473 -14663
5045 0

479 -14849
5109 0

485 -15035
5173 0

491 -15221
5237 0

497 -15407
5301 0

503 -15593
5365 0

509 -15779
5429 0

515 -15965
5493 0

521 -16151
5557 0

527 -16337
5621 0

533 -16523
5685 0

539 -16709
5749 0

545 -16895
5813 0

551 -17081
5877 0

557 -17267
5941 0

563 -17453
6005 0

569 -17639
6069 0

575 -17825
6133 0

581 -18011
6197 0

587 -18197
6261 0

593 -18383
6325 0

599 -18569
6389 0

605 -18755
6453 0

611 -18941
6517 0

617 -19127
6581 0

623 -19313
6645 0

629 -19499
6709 0

635 -19685
6773 0

641 -19871
6837 0

647 -20057
6901 0

653 -20243
6965 0

659 -20429
7029 0

665 -20615
7093 0

671 -20801
7157 0

677 -20987
7221 0

683 -21173
7285 0

689 -21359
7349 0

695 -21545
7413 0

701 -21731
7477 0

707 -21917
7541 0

713 -22103
7605 0

719 -22289
7669 0

725 -22475
7733 0

731 -22661
7797 0

737 -22847
7861 0

743 -23033
7925 0

749 -23219
7989 0

755 -23405
8053 0

761 -23591
8117 0

767 -23777
8181 0

773 -23963
8245 0

779 -24149
8309 0

785 -24335
8373 0

791 -24521
8437 0

797 -24707
8501 0

803 -24893
8565 0

809 -25079
8629 0

815 -25265
8693 0

821 -25451
8757 0

827 -25637
8821 0

833 -25823
8885 0

839 -26009
8949 0

845 -26195
9013 0

851 -26381
9077 0

857 -26567
9141 0

863 -26753
9205 0

869 -26939
9269 0

875 -27125
9333 0

881 -27311
9397 0

887 -27497
9461 0

893 -27683
9525 0

899 -27869
9589 0

905 -28055
9653 0

911 -28241
9717 0

917 -28427
9781 0

923 -28613
9845 0

929 -28799
9909 0

935 -28985
9973 0

941 -29171
10037 0

947 -29357
10101 0

953 -29543
10165 0

959 -29729
10229 0

965 -29915
10293 0

971 -30101
10357 0

977 -30287
10421 0

983 -30473
10485 0

989 -30659
10549 0

995 -30845
10613 0

1001 -31031
10677 0

1007 -31217
10741 0

1013 -31403
10805 0

1019 -31589
10869 0

1025 -31775
10933 0

1031 -31961
10997 0

1037 -32147
11061 0

1043 -32333
11125 0

1049 -32519
11189 0

1055 -32705
11253 0

1061 -32891
11317 0

1067 -33077
11381 0

1073 -33263
11445 0

1079 -33449
11509 0

1085 -33635
11573 0

1091 -33821
11637 0

1097 -34007
11701 0

1103 -34193
11765 0

1109 -34379
11829 0

1115 -34565
11893 0

1121 -34751
11957 0

1127 -34937
12021 0

1133 -35123
12085 0

1139 -35309
12149 0

1145 -35495
12213 0

1151 -35681
12277 0

1157 -35867
12341 0

1163 -36053
12405 0

1169 -36239
12469 0

1175 -36425
12533 0

1181 -36611
12597 0

1187 -36797
12661 0

1193 -36983
12725 0

1199 -37169
12789 0

1205 -37355
12853 0

1211 -37541
12917 0

1217 -37727
12981 0

1223 -37913
13045 0

1229 -38099
13109 0

1235 -38285
13173 0

1241 -38471
13237 0

1247 -38657
13301 0

1253 -38843
13365 0

1259 -39029
13429 0

1265 -39215
13493 0

1271 -39401
13557 0

1277 -39587
13621 0

1283 -39773
13685 0

1289 -39959
13749 0

1295 -40145
13813 0

1301 -40331
13877 0

1307 -40517
13941 0

1313 -40703
14005 0

1319 -40889
14069 0

1325 -41075
14133 0

1331 -41261
14197 0

1337 -41447
14261 0

1343 -41633
14325 0

1349 -41819
14389 0

1355 -42005
14453 0

1361 -42191
14517 0

1367 -42377
14581 0

1373 -42563
14645 0

1379 -42749
14709 0

1385 -42935
14773 0

1391 -43121
14837 0

1397 -43307
14901 0

1403 -43493
14965 0

1409 -43679
15029 0

1415 -43865
15093 0

1421 -44051
15157 0

1427 -44237
15221 0

1433 -44423
15285 0

1439 -44609
15349 0

1445 -44795
15413 0

1451 -44981
15477 0

1457 -45167
15541 0

1463 -45353
15605 0

1469 -45539
15669 0

1475 -45725
15733 0

1481 -45911
15797 0

1487 -46097
15861 0

1493 -46283
15925 0

1499 -46469
15989 0

1505 -46655
16053 0

1511 -46841
16117 0

1517 -47027
16181 0

1523 -47213
16245 0

1529 -47399
16309 0

1535 -47585
16373 0

1541 -47771
16437 0

1547 -47957
16501 0

1553 -48143
16565 0

1559 -48329
16629 0

1565 -48515
16693 0

1571 -48701
16757 0

1577 -48887
16821 0

1583 -49073
16885 0

1589 -49259
16949 0

1595 -49445
17013 0

1601 -49631
17077 0

1607 -49817
17141 0

1613 -50003
17205 0

1619 -50189
17269 0

1625 -50375
17333 0

1631 -50561
17397 0

1637 -50747
17461 0

1643 -50933
17525 0

1649 -51119
17589 0

1655 -51305
17653 0

1661 -51491
17717 0

1667 -51677
17781 0

1673 -51863
17845 0

1679 -52049
17909 0

1685 -52235
17973 0

1691 -52421
18037 0

1697 -52607
18101 0

1703 -52793
18165 0

1709 -52979
18229 0

1715 -53165
18293 0

1721 -53351
18357 0

1727 -53537
18421 0

1733 -53723
18485 0

1739 -53909
18549 0

1745 -54095
18613 0

1751 -54281
18677 0

1757 -54467
18741 0

1763 -54653
18805 0

1769 -54839
18869 0

1775 -55025
18933 0

1781 -55211
18997 0

1787 -55397
19061 0

1793 -55583
19125 0

1799 -55769
19189 0

1805 -55955
19253 0

1811 -56141
19317 0

1817 -56327
19381 0

1823 -56513
19445 0

1829 -56699
19509 0

1835 -56885
19573 0

1841 -57071
19637 0

1847 -57257
19701 0

1853 -57443
19765 0

1859 -57629
19829 0

1865 -57815
19893 0

1871 -58001
19957 0

1877 -58187
20021 0

1883 -58373
20085 0

1889 -58559
20149 0

1895 -58745
20213 0

1901 -58931
20277 0

1907 -59117
20341 0

1913 -59303
20405 0

1919 -59489
20469 0

1925 -59675
20533 0

1931 -59861
20597 0

1937 -60047
20661 0

1943 -60233
20725 0

1949 -60419
20789 0

1955 -60605
20853 0

1961 -60791
20917 0

1967 -60977
20981 0

1973 -61163
21045 0

1979 -61349
21109 0

1985 -61535
21173 0

1991 -61721
21237 0

1997 -61907
21301 0

