5 635
213 0

11 1397
469 0

17 2159
725 0

23 2921
981 0

29 3683
1237 0

35 4445
1493 0

41 5207
1749 0

47 5969
2005 0

53 6731
2261 0

59 7493
2517 0

65 8255
2773 0

71 9017
3029 0

77 9779
3285 0

83 10541
3541 0

89 11303
3797 0

95 12065
4053 0

101 12827
4309 0

107 13589
4565 0

113 14351
4821 0

119 15113
5077 0

125 15875
5333 0

131 16637
5589 0

137 17399
5845 0

143 18161
6101 0

149 18923
6357 0

155 19685
6613 0

161 20447
6869 0

167 21209
7125 0

173 21971
7381 0

179 22733
7637 0

185 23495
7893 0

191 24257
8149 0

197 25019
8405 0

203 25781
8661 0

209 26543
8917 0

215 27305
9173 0

221 28067
9429 0

227 28829
9685 0

233 29591
9941 0

239 30353
10197 0

245 31115
10453 0

251 31877
10709 0

257 32639
10965 0

263 33401
11221 0

269 34163
11477 0

275 34925
11733 0

281 35687
11989 0

287 36449
12245 0

293 37211
12501 0

299 37973
12757 0

305 38735
13013 0

311 39497
13269 0

317 40259
13525 0

323 41021
13781 0

329 41783
14037 0

335 42545
14293 0

341 43307
14549 0

347 44069
14805 0

353 44831
15061 0

359 45593
15317 0

365 46355
15573 0

371 47117
15829 0

377 47879
16085 0

383 48641
16341 0

389 49403
16597 0

395 50165
16853 0

401 50927
17109 0

407 51689
17365 0

413 52451
17621 0

419 53213
17877 0

425 53975
18133 0

431 54737
18389 0

437 55499
18645 0

443 56261
18901 0

449 57023
19157 0

455 57785
19413 0

461 58547
19669 0

467 59309
19925 0

473 60071
20181 0

479 60833
20437 0

485 61595
20693 0

491 62357
20949 0

497 63119
21205 0

503 63881
21461 0

509 64643
21717 0

515 65405
21973 0

521 66167
22229 0

527 66929
22485 0

533 67691
22741 0

539 68453
22997 0

545 69215
23253 0

551 69977
23509 0

557 70739
23765 0

563 71501
24021 0

569 72263
24277 0

575 73025
24533 0

581 73787
24789 0

587 74549
25045 0

593 75311
25301 0

599 76073
25557 0

605 76835
25813 0

611 77597
26069 0

617 78359
26325 0

623 79121
26581 0

629 79883
26837 0

635 80645
27093 0

641 81407
27349 0

647 82169
27605 0

653 82931
27861 0

659 83693
28117 0

665 84455
28373 0

671 85217
28629 0

677 85979
28885 0

683 86741
29141 0

689 87503
29397 0

695 88265
29653 0

701 89027
29909 0

707 89789
30165 0

713 90551
30421 0

719 91313
30677 0

725 92075
30933 0

731 92837
31189 0

737 93599
31445 0

743 94361
31701 0

749 95123
31957 0

755 95885
32213 0

761 96647
32469 0

767 97409
32725 0

773 98171
32981 0

779 98933
33237 0

785 99695
33493 0

791 100457
33749 0

797 101219
34005 0

803 101981
34261 0

809 102743
34517 0

815 103505
34773 0

821 104267
35029 0

827 105029
35285 0

833 105791
35541 0

839 106553
35797 0

845 107315
36053 0

851 108077
36309 0

857 108839
36565 0

863 109601
36821 0

869 110363
37077 0

875 111125
37333 0

881 111887
37589 0

887 112649
37845 0

893 113411
38101 0

899 114173
38357 0

905 114935
38613 0

911 115697
38869 0

917 116459
39125 0

923 117221
39381 0

929 117983
39637 0

935 118745
39893 0

941 119507
40149 0

947 120269
40405 0

953 121031
40661 0

959 121793
40917 0

965 122555
41173 0

971 123317
41429 0

977 124079
41685 0

983 124841
41941 0

989 125603
42197 0

995 126365
42453 0

1001 127127
42709 0

1007 127889
42965 0

1013 128651
43221 0

1019 129413
43477 0

1025 130175
43733 0

1031 130937
43989 0

1037 131699
44245 0

1043 132461
44501 0

1049 133223
44757 0

1055 133985
45013 0

1061 134747
45269 0

1067 135509
45525 0

1073 136271
45781 0

1079 137033
46037 0

1085 137795
46293 0

1091 138557
46549 0

1097 139319
46805 0

1103 140081
47061 0

1109 140843
47317 0

1115 141605
47573 0

1121 142367
47829 0

1127 143129
48085 0

1133 143891
48341 0

1139 144653
48597 0

1145 145415
48853 0

1151 146177
49109 0

1157 146939
49365 0

1163 147701
49621 0

1169 148463
49877 0

1175 149225
50133 0

1181 149987
50389 0

1187 150749
50645 0

1193 151511
50901 0

1199 152273
51157 0

1205 153035
51413 0

1211 153797
51669 0

1217 154559
51925 0

1223 155321
52181 0

1229 156083
52437 0

1235 156845
52693 0

1241 157607
52949 0

1247 158369
53205 0

1253 159131
53461 0

1259 159893
53717 0

1265 160655
53973 0

1271 161417
54229 0

1277 162179
54485 0

1283 162941
54741 0

1289 163703
54997 0

1295 164465
55253 0

1301 165227
55509 0

1307 165989
55765 0

1313 166751
56021 0

1319 167513
56277 0

1325 168275
56533 0

1331 169037
56789 0

1337 169799
57045 0

1343 170561
57301 0

1349 171323
57557 0

1355 172085
57813 0

1361 172847
58069 0

1367 173609
58325 0

1373 174371
58581 0

1379 175133
58837 0

1385 175895
59093 0

1391 176657
59349 0

1397 177419
59605 0

1403 178181
59861 0

1409 178943
60117 0

1415 179705
60373 0

1421 180467
60629 0

1427 181229
60885 0

1433 181991
61141 0

1439 182753
61397 0

1445 183515
61653 0

1451 184277
61909 0

1457 185039
62165 0

1463 185801
62421 0

1469 186563
62677 0

1475 187325
62933 0

1481 188087
63189 0

1487 188849
63445 0

1493 189611
63701 0

1499 190373
63957 0

1505 191135
64213 0

1511 191897
64469 0

1517 192659
64725 0

1523 193421
64981 0

1529 194183
65237 0

1535 194945
65493 0

1541 195707
65749 0

1547 196469
66005 0

1553 197231
66261 0

1559 197993
66517 0

1565 198755
66773 0

1571 199517
67029 0

1577 200279
67285 0

1583 201041
67541 0

1589 201803
67797 0

1595 202565
68053 0

1601 203327
68309 0

1607 204089
68565 0

1613 204851
68821 0

1619 205613
69077 0

1625 206375
69333 0

1631 207137
69589 0

1637 207899
69845 0

1643 208661
70101 0

1649 209423
70357 0

1655 210185
70613 0

1661 210947
70869 0

1667 211709
71125 0

1673 212471
71381 0

1679 213233
71637 0

1685 213995
71893 0

1691 214757
72149 0

1697 215519
72405 0

1703 216281
72661 0

1709 217043
72917 0

1715 217805
73173 0

1721 218567
73429 0

1727 219329
73685 0

1733 220091
73941 0

1739 220853
74197 0

1745 221615
74453 0

1751 222377
74709 0

1757 223139
74965 0

1763 223901
75221 0

1769 224663
75477 0

1775 225425
75733 0

1781 226187
75989 0

1787 226949
76245 0

1793 227711
76501 0

1799 228473
76757 0

1805 229235
77013 0

1811 229997
77269 0

1817 230759
77525 0

1823 231521
77781 0

1829 232283
78037 0

1835 233045
78293 0

1841 233807
78549 0

1847 234569
78805 0

1853 235331
79061 0

1859 236093
79317 0

1865 236855
79573 0

1871 237617
79829 0

1877 238379
80085 0

1883 239141
80341 0

1889 239903
80597 0

1895 240665
80853 0

1901 241427
81109 0

1907 242189
81365 0

1913 242951
81621 0

1919 243713
81877 0

1925 244475
82133 0

1931 245237
82389 0

1937 245999
82645 0

1943 246761
82901 0

1949 247523
83157 0

1955 248285
83413 0

1961 249047
83669 0

1967 249809
83925 0

1973 250571
84181 0

1979 251333
84437 0

1985 252095
84693 0

1991 252857
84949 0

1997 253619
85205 0

