    5     0
    5     5
    5    15
    5    35
    5    75
    5   155
    5   315
    5   635
    5  1275
    5  2555
    5  5115
    5 10235
    5 20475
    5 40955
    5 81915

   11     0
   11    11
   11    33
   11    77
   11   165
   11   341
   11   693
   11  1397
   11  2805
   11  5621
   11 11253
   11 22517
   11 45045
   11 90101

   17     0
   17    17
   17    51
   17   119
   17   255
   17   527
   17  1071
   17  2159
   17  4335
   17  8687
   17 17391
   17 34799
   17 69615
   17 139247

   23     0
   23    23
   23    69
   23   161
   23   345
   23   713
   23  1449
   23  2921
   23  5865
   23 11753
   23 23529
   23 47081
   23 94185

   29     0
   29    29
   29    87
   29   203
   29   435
   29   899
   29  1827
   29  3683
   29  7395
   29 14819
   29 29667
   29 59363
   29 118755

   35     0
   35    35
   35   105
   35   245
   35   525
   35  1085
   35  2205
   35  4445
   35  8925
   35 17885
   35 35805
   35 71645
   35 143325

   41     0
   41    41
   41   123
   41   287
   41   615
   41  1271
   41  2583
   41  5207
   41 10455
   41 20951
   41 41943
   41 83927

   47     0
   47    47
   47   141
   47   329
   47   705
   47  1457
   47  2961
   47  5969
   47 11985
   47 24017
   47 48081
   47 96209

   53     0
   53    53
   53   159
   53   371
   53   795
   53  1643
   53  3339
   53  6731
   53 13515
   53 27083
   53 54219
   53 108491

   59     0
   59    59
   59   177
   59   413
   59   885
   59  1829
   59  3717
   59  7493
   59 15045
   59 30149
   59 60357
   59 120773

   65     0
   65    65
   65   195
   65   455
   65   975
   65  2015
   65  4095
   65  8255
   65 16575
   65 33215
   65 66495
   65 133055

   71     0
   71    71
   71   213
   71   497
   71  1065
   71  2201
   71  4473
   71  9017
   71 18105
   71 36281
   71 72633
   71 145337

   77     0
   77    77
   77   231
   77   539
   77  1155
   77  2387
   77  4851
   77  9779
   77 19635
   77 39347
   77 78771

   83     0
   83    83
   83   249
   83   581
   83  1245
   83  2573
   83  5229
   83 10541
   83 21165
   83 42413
   83 84909

   89     0
   89    89
   89   267
   89   623
   89  1335
   89  2759
   89  5607
   89 11303
   89 22695
   89 45479
   89 91047

   95     0
   95    95
   95   285
   95   665
   95  1425
   95  2945
   95  5985
   95 12065
   95 24225
   95 48545
   95 97185

  101     0
  101   101
  101   303
  101   707
  101  1515
  101  3131
  101  6363
  101 12827
  101 25755
  101 51611
  101 103323

  107     0
  107   107
  107   321
  107   749
  107  1605
  107  3317
  107  6741
  107 13589
  107 27285
  107 54677
  107 109461

  113     0
  113   113
  113   339
  113   791
  113  1695
  113  3503
  113  7119
  113 14351
  113 28815
  113 57743
  113 115599

  119     0
  119   119
  119   357
  119   833
  119  1785
  119  3689
  119  7497
  119 15113
  119 30345
  119 60809
  119 121737

  125     0
  125   125
  125   375
  125   875
  125  1875
  125  3875
  125  7875
  125 15875
  125 31875
  125 63875
  125 127875

  131     0
  131   131
  131   393
  131   917
  131  1965
  131  4061
  131  8253
  131 16637
  131 33405
  131 66941
  131 134013

  137     0
  137   137
  137   411
  137   959
  137  2055
  137  4247
  137  8631
  137 17399
  137 34935
  137 70007
  137 140151

  143     0
  143   143
  143   429
  143  1001
  143  2145
  143  4433
  143  9009
  143 18161
  143 36465
  143 73073
  143 146289

  149     0
  149   149
  149   447
  149  1043
  149  2235
  149  4619
  149  9387
  149 18923
  149 37995
  149 76139

  155     0
  155   155
  155   465
  155  1085
  155  2325
  155  4805
  155  9765
  155 19685
  155 39525
  155 79205

  161     0
  161   161
  161   483
  161  1127
  161  2415
  161  4991
  161 10143
  161 20447
  161 41055
  161 82271

  167     0
  167   167
  167   501
  167  1169
  167  2505
  167  5177
  167 10521
  167 21209
  167 42585
  167 85337

  173     0
  173   173
  173   519
  173  1211
  173  2595
  173  5363
  173 10899
  173 21971
  173 44115
  173 88403

  179     0
  179   179
  179   537
  179  1253
  179  2685
  179  5549
  179 11277
  179 22733
  179 45645
  179 91469

  185     0
  185   185
  185   555
  185  1295
  185  2775
  185  5735
  185 11655
  185 23495
  185 47175
  185 94535

  191     0
  191   191
  191   573
  191  1337
  191  2865
  191  5921
  191 12033
  191 24257
  191 48705
  191 97601

  197     0
  197   197
  197   591
  197  1379
  197  2955
  197  6107
  197 12411
  197 25019
  197 50235
  197 100667

  203     0
  203   203
  203   609
  203  1421
  203  3045
  203  6293
  203 12789
  203 25781
  203 51765
  203 103733

  209     0
  209   209
  209   627
  209  1463
  209  3135
  209  6479
  209 13167
  209 26543
  209 53295
  209 106799

  215     0
  215   215
  215   645
  215  1505
  215  3225
  215  6665
  215 13545
  215 27305
  215 54825
  215 109865

  221     0
  221   221
  221   663
  221  1547
  221  3315
  221  6851
  221 13923
  221 28067
  221 56355
  221 112931

  227     0
  227   227
  227   681
  227  1589
  227  3405
  227  7037
  227 14301
  227 28829
  227 57885
  227 115997

  233     0
  233   233
  233   699
  233  1631
  233  3495
  233  7223
  233 14679
  233 29591
  233 59415
  233 119063

  239     0
  239   239
  239   717
  239  1673
  239  3585
  239  7409
  239 15057
  239 30353
  239 60945
  239 122129

  245     0
  245   245
  245   735
  245  1715
  245  3675
  245  7595
  245 15435
  245 31115
  245 62475
  245 125195

  251     0
  251   251
  251   753
  251  1757
  251  3765
  251  7781
  251 15813
  251 31877
  251 64005
  251 128261

  257     0
  257   257
  257   771
  257  1799
  257  3855
  257  7967
  257 16191
  257 32639
  257 65535
  257 131327

  263     0
  263   263
  263   789
  263  1841
  263  3945
  263  8153
  263 16569
  263 33401
  263 67065
  263 134393

  269     0
  269   269
  269   807
  269  1883
  269  4035
  269  8339
  269 16947
  269 34163
  269 68595
  269 137459

  275     0
  275   275
  275   825
  275  1925
  275  4125
  275  8525
  275 17325
  275 34925
  275 70125
  275 140525

  281     0
  281   281
  281   843
  281  1967
  281  4215
  281  8711
  281 17703
  281 35687
  281 71655
  281 143591

  287     0
  287   287
  287   861
  287  2009
  287  4305
  287  8897
  287 18081
  287 36449
  287 73185
  287 146657

  293     0
  293   293
  293   879
  293  2051
  293  4395
  293  9083
  293 18459
  293 37211
  293 74715

  299     0
  299   299
  299   897
  299  2093
  299  4485
  299  9269
  299 18837
  299 37973
  299 76245

  305     0
  305   305
  305   915
  305  2135
  305  4575
  305  9455
  305 19215
  305 38735
  305 77775

  311     0
  311   311
  311   933
  311  2177
  311  4665
  311  9641
  311 19593
  311 39497
  311 79305

  317     0
  317   317
  317   951
  317  2219
  317  4755
  317  9827
  317 19971
  317 40259
  317 80835

  323     0
  323   323
  323   969
  323  2261
  323  4845
  323 10013
  323 20349
  323 41021
  323 82365

  329     0
  329   329
  329   987
  329  2303
  329  4935
  329 10199
  329 20727
  329 41783
  329 83895

  335     0
  335   335
  335  1005
  335  2345
  335  5025
  335 10385
  335 21105
  335 42545
  335 85425

  341     0
  341   341
  341  1023
  341  2387
  341  5115
  341 10571
  341 21483
  341 43307
  341 86955

  347     0
  347   347
  347  1041
  347  2429
  347  5205
  347 10757
  347 21861
  347 44069
  347 88485

  353     0
  353   353
  353  1059
  353  2471
  353  5295
  353 10943
  353 22239
  353 44831
  353 90015

  359     0
  359   359
  359  1077
  359  2513
  359  5385
  359 11129
  359 22617
  359 45593
  359 91545

  365     0
  365   365
  365  1095
  365  2555
  365  5475
  365 11315
  365 22995
  365 46355
  365 93075

  371     0
  371   371
  371  1113
  371  2597
  371  5565
  371 11501
  371 23373
  371 47117
  371 94605

  377     0
  377   377
  377  1131
  377  2639
  377  5655
  377 11687
  377 23751
  377 47879
  377 96135

  383     0
  383   383
  383  1149
  383  2681
  383  5745
  383 11873
  383 24129
  383 48641
  383 97665

  389     0
  389   389
  389  1167
  389  2723
  389  5835
  389 12059
  389 24507
  389 49403
  389 99195

  395     0
  395   395
  395  1185
  395  2765
  395  5925
  395 12245
  395 24885
  395 50165
  395 100725

  401     0
  401   401
  401  1203
  401  2807
  401  6015
  401 12431
  401 25263
  401 50927
  401 102255

  407     0
  407   407
  407  1221
  407  2849
  407  6105
  407 12617
  407 25641
  407 51689
  407 103785

  413     0
  413   413
  413  1239
  413  2891
  413  6195
  413 12803
  413 26019
  413 52451
  413 105315

  419     0
  419   419
  419  1257
  419  2933
  419  6285
  419 12989
  419 26397
  419 53213
  419 106845

  425     0
  425   425
  425  1275
  425  2975
  425  6375
  425 13175
  425 26775
  425 53975
  425 108375

  431     0
  431   431
  431  1293
  431  3017
  431  6465
  431 13361
  431 27153
  431 54737
  431 109905

  437     0
  437   437
  437  1311
  437  3059
  437  6555
  437 13547
  437 27531
  437 55499
  437 111435

  443     0
  443   443
  443  1329
  443  3101
  443  6645
  443 13733
  443 27909
  443 56261
  443 112965

  449     0
  449   449
  449  1347
  449  3143
  449  6735
  449 13919
  449 28287
  449 57023
  449 114495

  455     0
  455   455
  455  1365
  455  3185
  455  6825
  455 14105
  455 28665
  455 57785
  455 116025

  461     0
  461   461
  461  1383
  461  3227
  461  6915
  461 14291
  461 29043
  461 58547
  461 117555

  467     0
  467   467
  467  1401
  467  3269
  467  7005
  467 14477
  467 29421
  467 59309
  467 119085

  473     0
  473   473
  473  1419
  473  3311
  473  7095
  473 14663
  473 29799
  473 60071
  473 120615

  479     0
  479   479
  479  1437
  479  3353
  479  7185
  479 14849
  479 30177
  479 60833
  479 122145

  485     0
  485   485
  485  1455
  485  3395
  485  7275
  485 15035
  485 30555
  485 61595
  485 123675

  491     0
  491   491
  491  1473
  491  3437
  491  7365
  491 15221
  491 30933
  491 62357
  491 125205

  497     0
  497   497
  497  1491
  497  3479
  497  7455
  497 15407
  497 31311
  497 63119
  497 126735

  503     0
  503   503
  503  1509
  503  3521
  503  7545
  503 15593
  503 31689
  503 63881
  503 128265

  509     0
  509   509
  509  1527
  509  3563
  509  7635
  509 15779
  509 32067
  509 64643
  509 129795

  515     0
  515   515
  515  1545
  515  3605
  515  7725
  515 15965
  515 32445
  515 65405
  515 131325

  521     0
  521   521
  521  1563
  521  3647
  521  7815
  521 16151
  521 32823
  521 66167
  521 132855

  527     0
  527   527
  527  1581
  527  3689
  527  7905
  527 16337
  527 33201
  527 66929
  527 134385

  533     0
  533   533
  533  1599
  533  3731
  533  7995
  533 16523
  533 33579
  533 67691
  533 135915

  539     0
  539   539
  539  1617
  539  3773
  539  8085
  539 16709
  539 33957
  539 68453
  539 137445

  545     0
  545   545
  545  1635
  545  3815
  545  8175
  545 16895
  545 34335
  545 69215
  545 138975

  551     0
  551   551
  551  1653
  551  3857
  551  8265
  551 17081
  551 34713
  551 69977
  551 140505

  557     0
  557   557
  557  1671
  557  3899
  557  8355
  557 17267
  557 35091
  557 70739
  557 142035

  563     0
  563   563
  563  1689
  563  3941
  563  8445
  563 17453
  563 35469
  563 71501
  563 143565

  569     0
  569   569
  569  1707
  569  3983
  569  8535
  569 17639
  569 35847
  569 72263
  569 145095

  575     0
  575   575
  575  1725
  575  4025
  575  8625
  575 17825
  575 36225
  575 73025
  575 146625

  581     0
  581   581
  581  1743
  581  4067
  581  8715
  581 18011
  581 36603
  581 73787
  581 148155

  587     0
  587   587
  587  1761
  587  4109
  587  8805
  587 18197
  587 36981
  587 74549

  593     0
  593   593
  593  1779
  593  4151
  593  8895
  593 18383
  593 37359
  593 75311

  599     0
  599   599
  599  1797
  599  4193
  599  8985
  599 18569
  599 37737
  599 76073

  605     0
  605   605
  605  1815
  605  4235
  605  9075
  605 18755
  605 38115
  605 76835

  611     0
  611   611
  611  1833
  611  4277
  611  9165
  611 18941
  611 38493
  611 77597

  617     0
  617   617
  617  1851
  617  4319
  617  9255
  617 19127
  617 38871
  617 78359

  623     0
  623   623
  623  1869
  623  4361
  623  9345
  623 19313
  623 39249
  623 79121

  629     0
  629   629
  629  1887
  629  4403
  629  9435
  629 19499
  629 39627
  629 79883

  635     0
  635   635
  635  1905
  635  4445
  635  9525
  635 19685
  635 40005
  635 80645

  641     0
  641   641
  641  1923
  641  4487
  641  9615
  641 19871
  641 40383
  641 81407

  647     0
  647   647
  647  1941
  647  4529
  647  9705
  647 20057
  647 40761
  647 82169

  653     0
  653   653
  653  1959
  653  4571
  653  9795
  653 20243
  653 41139
  653 82931

  659     0
  659   659
  659  1977
  659  4613
  659  9885
  659 20429
  659 41517
  659 83693

  665     0
  665   665
  665  1995
  665  4655
  665  9975
  665 20615
  665 41895
  665 84455

  671     0
  671   671
  671  2013
  671  4697
  671 10065
  671 20801
  671 42273
  671 85217

  677     0
  677   677
  677  2031
  677  4739
  677 10155
  677 20987
  677 42651
  677 85979

  683     0
  683   683
  683  2049
  683  4781
  683 10245
  683 21173
  683 43029
  683 86741

  689     0
  689   689
  689  2067
  689  4823
  689 10335
  689 21359
  689 43407
  689 87503

  695     0
  695   695
  695  2085
  695  4865
  695 10425
  695 21545
  695 43785
  695 88265

  701     0
  701   701
  701  2103
  701  4907
  701 10515
  701 21731
  701 44163
  701 89027

  707     0
  707   707
  707  2121
  707  4949
  707 10605
  707 21917
  707 44541
  707 89789

  713     0
  713   713
  713  2139
  713  4991
  713 10695
  713 22103
  713 44919
  713 90551

  719     0
  719   719
  719  2157
  719  5033
  719 10785
  719 22289
  719 45297
  719 91313

  725     0
  725   725
  725  2175
  725  5075
  725 10875
  725 22475
  725 45675
  725 92075

  731     0
  731   731
  731  2193
  731  5117
  731 10965
  731 22661
  731 46053
  731 92837

  737     0
  737   737
  737  2211
  737  5159
  737 11055
  737 22847
  737 46431
  737 93599

  743     0
  743   743
  743  2229
  743  5201
  743 11145
  743 23033
  743 46809
  743 94361

  749     0
  749   749
  749  2247
  749  5243
  749 11235
  749 23219
  749 47187
  749 95123

  755     0
  755   755
  755  2265
  755  5285
  755 11325
  755 23405
  755 47565
  755 95885

  761     0
  761   761
  761  2283
  761  5327
  761 11415
  761 23591
  761 47943
  761 96647

  767     0
  767   767
  767  2301
  767  5369
  767 11505
  767 23777
  767 48321
  767 97409

  773     0
  773   773
  773  2319
  773  5411
  773 11595
  773 23963
  773 48699
  773 98171

  779     0
  779   779
  779  2337
  779  5453
  779 11685
  779 24149
  779 49077
  779 98933

  785     0
  785   785
  785  2355
  785  5495
  785 11775
  785 24335
  785 49455
  785 99695

  791     0
  791   791
  791  2373
  791  5537
  791 11865
  791 24521
  791 49833
  791 100457

  797     0
  797   797
  797  2391
  797  5579
  797 11955
  797 24707
  797 50211
  797 101219

  803     0
  803   803
  803  2409
  803  5621
  803 12045
  803 24893
  803 50589
  803 101981

  809     0
  809   809
  809  2427
  809  5663
  809 12135
  809 25079
  809 50967
  809 102743

  815     0
  815   815
  815  2445
  815  5705
  815 12225
  815 25265
  815 51345
  815 103505

  821     0
  821   821
  821  2463
  821  5747
  821 12315
  821 25451
  821 51723
  821 104267

  827     0
  827   827
  827  2481
  827  5789
  827 12405
  827 25637
  827 52101
  827 105029

  833     0
  833   833
  833  2499
  833  5831
  833 12495
  833 25823
  833 52479
  833 105791

  839     0
  839   839
  839  2517
  839  5873
  839 12585
  839 26009
  839 52857
  839 106553

  845     0
  845   845
  845  2535
  845  5915
  845 12675
  845 26195
  845 53235
  845 107315

  851     0
  851   851
  851  2553
  851  5957
  851 12765
  851 26381
  851 53613
  851 108077

  857     0
  857   857
  857  2571
  857  5999
  857 12855
  857 26567
  857 53991
  857 108839

  863     0
  863   863
  863  2589
  863  6041
  863 12945
  863 26753
  863 54369
  863 109601

  869     0
  869   869
  869  2607
  869  6083
  869 13035
  869 26939
  869 54747
  869 110363

  875     0
  875   875
  875  2625
  875  6125
  875 13125
  875 27125
  875 55125
  875 111125

  881     0
  881   881
  881  2643
  881  6167
  881 13215
  881 27311
  881 55503
  881 111887

  887     0
  887   887
  887  2661
  887  6209
  887 13305
  887 27497
  887 55881
  887 112649

  893     0
  893   893
  893  2679
  893  6251
  893 13395
  893 27683
  893 56259
  893 113411

  899     0
  899   899
  899  2697
  899  6293
  899 13485
  899 27869
  899 56637
  899 114173

  905     0
  905   905
  905  2715
  905  6335
  905 13575
  905 28055
  905 57015
  905 114935

  911     0
  911   911
  911  2733
  911  6377
  911 13665
  911 28241
  911 57393
  911 115697

  917     0
  917   917
  917  2751
  917  6419
  917 13755
  917 28427
  917 57771
  917 116459

  923     0
  923   923
  923  2769
  923  6461
  923 13845
  923 28613
  923 58149
  923 117221

  929     0
  929   929
  929  2787
  929  6503
  929 13935
  929 28799
  929 58527
  929 117983

  935     0
  935   935
  935  2805
  935  6545
  935 14025
  935 28985
  935 58905
  935 118745

  941     0
  941   941
  941  2823
  941  6587
  941 14115
  941 29171
  941 59283
  941 119507

  947     0
  947   947
  947  2841
  947  6629
  947 14205
  947 29357
  947 59661
  947 120269

  953     0
  953   953
  953  2859
  953  6671
  953 14295
  953 29543
  953 60039
  953 121031

  959     0
  959   959
  959  2877
  959  6713
  959 14385
  959 29729
  959 60417
  959 121793

  965     0
  965   965
  965  2895
  965  6755
  965 14475
  965 29915
  965 60795
  965 122555

  971     0
  971   971
  971  2913
  971  6797
  971 14565
  971 30101
  971 61173
  971 123317

  977     0
  977   977
  977  2931
  977  6839
  977 14655
  977 30287
  977 61551
  977 124079

  983     0
  983   983
  983  2949
  983  6881
  983 14745
  983 30473
  983 61929
  983 124841

  989     0
  989   989
  989  2967
  989  6923
  989 14835
  989 30659
  989 62307
  989 125603

  995     0
  995   995
  995  2985
  995  6965
  995 14925
  995 30845
  995 62685
  995 126365

 1001     0
 1001  1001
 1001  3003
 1001  7007
 1001 15015
 1001 31031
 1001 63063
 1001 127127

 1007     0
 1007  1007
 1007  3021
 1007  7049
 1007 15105
 1007 31217
 1007 63441
 1007 127889

 1013     0
 1013  1013
 1013  3039
 1013  7091
 1013 15195
 1013 31403
 1013 63819
 1013 128651

 1019     0
 1019  1019
 1019  3057
 1019  7133
 1019 15285
 1019 31589
 1019 64197
 1019 129413

 1025     0
 1025  1025
 1025  3075
 1025  7175
 1025 15375
 1025 31775
 1025 64575
 1025 130175

 1031     0
 1031  1031
 1031  3093
 1031  7217
 1031 15465
 1031 31961
 1031 64953
 1031 130937

 1037     0
 1037  1037
 1037  3111
 1037  7259
 1037 15555
 1037 32147
 1037 65331
 1037 131699

 1043     0
 1043  1043
 1043  3129
 1043  7301
 1043 15645
 1043 32333
 1043 65709
 1043 132461

 1049     0
 1049  1049
 1049  3147
 1049  7343
 1049 15735
 1049 32519
 1049 66087
 1049 133223

 1055     0
 1055  1055
 1055  3165
 1055  7385
 1055 15825
 1055 32705
 1055 66465
 1055 133985

 1061     0
 1061  1061
 1061  3183
 1061  7427
 1061 15915
 1061 32891
 1061 66843
 1061 134747

 1067     0
 1067  1067
 1067  3201
 1067  7469
 1067 16005
 1067 33077
 1067 67221
 1067 135509

 1073     0
 1073  1073
 1073  3219
 1073  7511
 1073 16095
 1073 33263
 1073 67599
 1073 136271

 1079     0
 1079  1079
 1079  3237
 1079  7553
 1079 16185
 1079 33449
 1079 67977
 1079 137033

 1085     0
 1085  1085
 1085  3255
 1085  7595
 1085 16275
 1085 33635
 1085 68355
 1085 137795

 1091     0
 1091  1091
 1091  3273
 1091  7637
 1091 16365
 1091 33821
 1091 68733
 1091 138557

 1097     0
 1097  1097
 1097  3291
 1097  7679
 1097 16455
 1097 34007
 1097 69111
 1097 139319

 1103     0
 1103  1103
 1103  3309
 1103  7721
 1103 16545
 1103 34193
 1103 69489
 1103 140081

 1109     0
 1109  1109
 1109  3327
 1109  7763
 1109 16635
 1109 34379
 1109 69867
 1109 140843

 1115     0
 1115  1115
 1115  3345
 1115  7805
 1115 16725
 1115 34565
 1115 70245
 1115 141605

 1121     0
 1121  1121
 1121  3363
 1121  7847
 1121 16815
 1121 34751
 1121 70623
 1121 142367

 1127     0
 1127  1127
 1127  3381
 1127  7889
 1127 16905
 1127 34937
 1127 71001
 1127 143129

 1133     0
 1133  1133
 1133  3399
 1133  7931
 1133 16995
 1133 35123
 1133 71379
 1133 143891

 1139     0
 1139  1139
 1139  3417
 1139  7973
 1139 17085
 1139 35309
 1139 71757
 1139 144653

 1145     0
 1145  1145
 1145  3435
 1145  8015
 1145 17175
 1145 35495
 1145 72135
 1145 145415

 1151     0
 1151  1151
 1151  3453
 1151  8057
 1151 17265
 1151 35681
 1151 72513
 1151 146177

 1157     0
 1157  1157
 1157  3471
 1157  8099
 1157 17355
 1157 35867
 1157 72891
 1157 146939

 1163     0
 1163  1163
 1163  3489
 1163  8141
 1163 17445
 1163 36053
 1163 73269
 1163 147701

 1169     0
 1169  1169
 1169  3507
 1169  8183
 1169 17535
 1169 36239
 1169 73647
 1169 148463

 1175     0
 1175  1175
 1175  3525
 1175  8225
 1175 17625
 1175 36425
 1175 74025

 1181     0
 1181  1181
 1181  3543
 1181  8267
 1181 17715
 1181 36611
 1181 74403

 1187     0
 1187  1187
 1187  3561
 1187  8309
 1187 17805
 1187 36797
 1187 74781

 1193     0
 1193  1193
 1193  3579
 1193  8351
 1193 17895
 1193 36983
 1193 75159

 1199     0
 1199  1199
 1199  3597
 1199  8393
 1199 17985
 1199 37169
 1199 75537

 1205     0
 1205  1205
 1205  3615
 1205  8435
 1205 18075
 1205 37355
 1205 75915

 1211     0
 1211  1211
 1211  3633
 1211  8477
 1211 18165
 1211 37541
 1211 76293

 1217     0
 1217  1217
 1217  3651
 1217  8519
 1217 18255
 1217 37727
 1217 76671

 1223     0
 1223  1223
 1223  3669
 1223  8561
 1223 18345
 1223 37913
 1223 77049

 1229     0
 1229  1229
 1229  3687
 1229  8603
 1229 18435
 1229 38099
 1229 77427

 1235     0
 1235  1235
 1235  3705
 1235  8645
 1235 18525
 1235 38285
 1235 77805

 1241     0
 1241  1241
 1241  3723
 1241  8687
 1241 18615
 1241 38471
 1241 78183

 1247     0
 1247  1247
 1247  3741
 1247  8729
 1247 18705
 1247 38657
 1247 78561

 1253     0
 1253  1253
 1253  3759
 1253  8771
 1253 18795
 1253 38843
 1253 78939

 1259     0
 1259  1259
 1259  3777
 1259  8813
 1259 18885
 1259 39029
 1259 79317

 1265     0
 1265  1265
 1265  3795
 1265  8855
 1265 18975
 1265 39215
 1265 79695

 1271     0
 1271  1271
 1271  3813
 1271  8897
 1271 19065
 1271 39401
 1271 80073

 1277     0
 1277  1277
 1277  3831
 1277  8939
 1277 19155
 1277 39587
 1277 80451

 1283     0
 1283  1283
 1283  3849
 1283  8981
 1283 19245
 1283 39773
 1283 80829

 1289     0
 1289  1289
 1289  3867
 1289  9023
 1289 19335
 1289 39959
 1289 81207

 1295     0
 1295  1295
 1295  3885
 1295  9065
 1295 19425
 1295 40145
 1295 81585

 1301     0
 1301  1301
 1301  3903
 1301  9107
 1301 19515
 1301 40331
 1301 81963

 1307     0
 1307  1307
 1307  3921
 1307  9149
 1307 19605
 1307 40517
 1307 82341

 1313     0
 1313  1313
 1313  3939
 1313  9191
 1313 19695
 1313 40703
 1313 82719

 1319     0
 1319  1319
 1319  3957
 1319  9233
 1319 19785
 1319 40889
 1319 83097

 1325     0
 1325  1325
 1325  3975
 1325  9275
 1325 19875
 1325 41075
 1325 83475

 1331     0
 1331  1331
 1331  3993
 1331  9317
 1331 19965
 1331 41261
 1331 83853

 1337     0
 1337  1337
 1337  4011
 1337  9359
 1337 20055
 1337 41447
 1337 84231

 1343     0
 1343  1343
 1343  4029
 1343  9401
 1343 20145
 1343 41633
 1343 84609

 1349     0
 1349  1349
 1349  4047
 1349  9443
 1349 20235
 1349 41819
 1349 84987

 1355     0
 1355  1355
 1355  4065
 1355  9485
 1355 20325
 1355 42005
 1355 85365

 1361     0
 1361  1361
 1361  4083
 1361  9527
 1361 20415
 1361 42191
 1361 85743

 1367     0
 1367  1367
 1367  4101
 1367  9569
 1367 20505
 1367 42377
 1367 86121

 1373     0
 1373  1373
 1373  4119
 1373  9611
 1373 20595
 1373 42563
 1373 86499

 1379     0
 1379  1379
 1379  4137
 1379  9653
 1379 20685
 1379 42749
 1379 86877

 1385     0
 1385  1385
 1385  4155
 1385  9695
 1385 20775
 1385 42935
 1385 87255

 1391     0
 1391  1391
 1391  4173
 1391  9737
 1391 20865
 1391 43121
 1391 87633

 1397     0
 1397  1397
 1397  4191
 1397  9779
 1397 20955
 1397 43307
 1397 88011

 1403     0
 1403  1403
 1403  4209
 1403  9821
 1403 21045
 1403 43493
 1403 88389

 1409     0
 1409  1409
 1409  4227
 1409  9863
 1409 21135
 1409 43679
 1409 88767

 1415     0
 1415  1415
 1415  4245
 1415  9905
 1415 21225
 1415 43865
 1415 89145

 1421     0
 1421  1421
 1421  4263
 1421  9947
 1421 21315
 1421 44051
 1421 89523

 1427     0
 1427  1427
 1427  4281
 1427  9989
 1427 21405
 1427 44237
 1427 89901

 1433     0
 1433  1433
 1433  4299
 1433 10031
 1433 21495
 1433 44423
 1433 90279

 1439     0
 1439  1439
 1439  4317
 1439 10073
 1439 21585
 1439 44609
 1439 90657

 1445     0
 1445  1445
 1445  4335
 1445 10115
 1445 21675
 1445 44795
 1445 91035

 1451     0
 1451  1451
 1451  4353
 1451 10157
 1451 21765
 1451 44981
 1451 91413

 1457     0
 1457  1457
 1457  4371
 1457 10199
 1457 21855
 1457 45167
 1457 91791

 1463     0
 1463  1463
 1463  4389
 1463 10241
 1463 21945
 1463 45353
 1463 92169

 1469     0
 1469  1469
 1469  4407
 1469 10283
 1469 22035
 1469 45539
 1469 92547

 1475     0
 1475  1475
 1475  4425
 1475 10325
 1475 22125
 1475 45725
 1475 92925

 1481     0
 1481  1481
 1481  4443
 1481 10367
 1481 22215
 1481 45911
 1481 93303

 1487     0
 1487  1487
 1487  4461
 1487 10409
 1487 22305
 1487 46097
 1487 93681

 1493     0
 1493  1493
 1493  4479
 1493 10451
 1493 22395
 1493 46283
 1493 94059

 1499     0
 1499  1499
 1499  4497
 1499 10493
 1499 22485
 1499 46469
 1499 94437

 1505     0
 1505  1505
 1505  4515
 1505 10535
 1505 22575
 1505 46655
 1505 94815

 1511     0
 1511  1511
 1511  4533
 1511 10577
 1511 22665
 1511 46841
 1511 95193

 1517     0
 1517  1517
 1517  4551
 1517 10619
 1517 22755
 1517 47027
 1517 95571

 1523     0
 1523  1523
 1523  4569
 1523 10661
 1523 22845
 1523 47213
 1523 95949

 1529     0
 1529  1529
 1529  4587
 1529 10703
 1529 22935
 1529 47399
 1529 96327

 1535     0
 1535  1535
 1535  4605
 1535 10745
 1535 23025
 1535 47585
 1535 96705

 1541     0
 1541  1541
 1541  4623
 1541 10787
 1541 23115
 1541 47771
 1541 97083

 1547     0
 1547  1547
 1547  4641
 1547 10829
 1547 23205
 1547 47957
 1547 97461

 1553     0
 1553  1553
 1553  4659
 1553 10871
 1553 23295
 1553 48143
 1553 97839

 1559     0
 1559  1559
 1559  4677
 1559 10913
 1559 23385
 1559 48329
 1559 98217

 1565     0
 1565  1565
 1565  4695
 1565 10955
 1565 23475
 1565 48515
 1565 98595

 1571     0
 1571  1571
 1571  4713
 1571 10997
 1571 23565
 1571 48701
 1571 98973

 1577     0
 1577  1577
 1577  4731
 1577 11039
 1577 23655
 1577 48887
 1577 99351

 1583     0
 1583  1583
 1583  4749
 1583 11081
 1583 23745
 1583 49073
 1583 99729

 1589     0
 1589  1589
 1589  4767
 1589 11123
 1589 23835
 1589 49259
 1589 100107

 1595     0
 1595  1595
 1595  4785
 1595 11165
 1595 23925
 1595 49445
 1595 100485

 1601     0
 1601  1601
 1601  4803
 1601 11207
 1601 24015
 1601 49631
 1601 100863

 1607     0
 1607  1607
 1607  4821
 1607 11249
 1607 24105
 1607 49817
 1607 101241

 1613     0
 1613  1613
 1613  4839
 1613 11291
 1613 24195
 1613 50003
 1613 101619

 1619     0
 1619  1619
 1619  4857
 1619 11333
 1619 24285
 1619 50189
 1619 101997

 1625     0
 1625  1625
 1625  4875
 1625 11375
 1625 24375
 1625 50375
 1625 102375

 1631     0
 1631  1631
 1631  4893
 1631 11417
 1631 24465
 1631 50561
 1631 102753

 1637     0
 1637  1637
 1637  4911
 1637 11459
 1637 24555
 1637 50747
 1637 103131

 1643     0
 1643  1643
 1643  4929
 1643 11501
 1643 24645
 1643 50933
 1643 103509

 1649     0
 1649  1649
 1649  4947
 1649 11543
 1649 24735
 1649 51119
 1649 103887

 1655     0
 1655  1655
 1655  4965
 1655 11585
 1655 24825
 1655 51305
 1655 104265

 1661     0
 1661  1661
 1661  4983
 1661 11627
 1661 24915
 1661 51491
 1661 104643

 1667     0
 1667  1667
 1667  5001
 1667 11669
 1667 25005
 1667 51677
 1667 105021

 1673     0
 1673  1673
 1673  5019
 1673 11711
 1673 25095
 1673 51863
 1673 105399

 1679     0
 1679  1679
 1679  5037
 1679 11753
 1679 25185
 1679 52049
 1679 105777

 1685     0
 1685  1685
 1685  5055
 1685 11795
 1685 25275
 1685 52235
 1685 106155

 1691     0
 1691  1691
 1691  5073
 1691 11837
 1691 25365
 1691 52421
 1691 106533

 1697     0
 1697  1697
 1697  5091
 1697 11879
 1697 25455
 1697 52607
 1697 106911

 1703     0
 1703  1703
 1703  5109
 1703 11921
 1703 25545
 1703 52793
 1703 107289

 1709     0
 1709  1709
 1709  5127
 1709 11963
 1709 25635
 1709 52979
 1709 107667

 1715     0
 1715  1715
 1715  5145
 1715 12005
 1715 25725
 1715 53165
 1715 108045

 1721     0
 1721  1721
 1721  5163
 1721 12047
 1721 25815
 1721 53351
 1721 108423

 1727     0
 1727  1727
 1727  5181
 1727 12089
 1727 25905
 1727 53537
 1727 108801

 1733     0
 1733  1733
 1733  5199
 1733 12131
 1733 25995
 1733 53723
 1733 109179

 1739     0
 1739  1739
 1739  5217
 1739 12173
 1739 26085
 1739 53909
 1739 109557

 1745     0
 1745  1745
 1745  5235
 1745 12215
 1745 26175
 1745 54095
 1745 109935

 1751     0
 1751  1751
 1751  5253
 1751 12257
 1751 26265
 1751 54281
 1751 110313

 1757     0
 1757  1757
 1757  5271
 1757 12299
 1757 26355
 1757 54467
 1757 110691

 1763     0
 1763  1763
 1763  5289
 1763 12341
 1763 26445
 1763 54653
 1763 111069

 1769     0
 1769  1769
 1769  5307
 1769 12383
 1769 26535
 1769 54839
 1769 111447

 1775     0
 1775  1775
 1775  5325
 1775 12425
 1775 26625
 1775 55025
 1775 111825

 1781     0
 1781  1781
 1781  5343
 1781 12467
 1781 26715
 1781 55211
 1781 112203

 1787     0
 1787  1787
 1787  5361
 1787 12509
 1787 26805
 1787 55397
 1787 112581

 1793     0
 1793  1793
 1793  5379
 1793 12551
 1793 26895
 1793 55583
 1793 112959

 1799     0
 1799  1799
 1799  5397
 1799 12593
 1799 26985
 1799 55769
 1799 113337

 1805     0
 1805  1805
 1805  5415
 1805 12635
 1805 27075
 1805 55955
 1805 113715

 1811     0
 1811  1811
 1811  5433
 1811 12677
 1811 27165
 1811 56141
 1811 114093

 1817     0
 1817  1817
 1817  5451
 1817 12719
 1817 27255
 1817 56327
 1817 114471

 1823     0
 1823  1823
 1823  5469
 1823 12761
 1823 27345
 1823 56513
 1823 114849

 1829     0
 1829  1829
 1829  5487
 1829 12803
 1829 27435
 1829 56699
 1829 115227

 1835     0
 1835  1835
 1835  5505
 1835 12845
 1835 27525
 1835 56885
 1835 115605

 1841     0
 1841  1841
 1841  5523
 1841 12887
 1841 27615
 1841 57071
 1841 115983

 1847     0
 1847  1847
 1847  5541
 1847 12929
 1847 27705
 1847 57257
 1847 116361

 1853     0
 1853  1853
 1853  5559
 1853 12971
 1853 27795
 1853 57443
 1853 116739

 1859     0
 1859  1859
 1859  5577
 1859 13013
 1859 27885
 1859 57629
 1859 117117

 1865     0
 1865  1865
 1865  5595
 1865 13055
 1865 27975
 1865 57815
 1865 117495

 1871     0
 1871  1871
 1871  5613
 1871 13097
 1871 28065
 1871 58001
 1871 117873

 1877     0
 1877  1877
 1877  5631
 1877 13139
 1877 28155
 1877 58187
 1877 118251

 1883     0
 1883  1883
 1883  5649
 1883 13181
 1883 28245
 1883 58373
 1883 118629

 1889     0
 1889  1889
 1889  5667
 1889 13223
 1889 28335
 1889 58559
 1889 119007

 1895     0
 1895  1895
 1895  5685
 1895 13265
 1895 28425
 1895 58745
 1895 119385

 1901     0
 1901  1901
 1901  5703
 1901 13307
 1901 28515
 1901 58931
 1901 119763

 1907     0
 1907  1907
 1907  5721
 1907 13349
 1907 28605
 1907 59117
 1907 120141

 1913     0
 1913  1913
 1913  5739
 1913 13391
 1913 28695
 1913 59303
 1913 120519

 1919     0
 1919  1919
 1919  5757
 1919 13433
 1919 28785
 1919 59489
 1919 120897

 1925     0
 1925  1925
 1925  5775
 1925 13475
 1925 28875
 1925 59675
 1925 121275

 1931     0
 1931  1931
 1931  5793
 1931 13517
 1931 28965
 1931 59861
 1931 121653

 1937     0
 1937  1937
 1937  5811
 1937 13559
 1937 29055
 1937 60047
 1937 122031

 1943     0
 1943  1943
 1943  5829
 1943 13601
 1943 29145
 1943 60233
 1943 122409

 1949     0
 1949  1949
 1949  5847
 1949 13643
 1949 29235
 1949 60419
 1949 122787

 1955     0
 1955  1955
 1955  5865
 1955 13685
 1955 29325
 1955 60605
 1955 123165

 1961     0
 1961  1961
 1961  5883
 1961 13727
 1961 29415
 1961 60791
 1961 123543

 1967     0
 1967  1967
 1967  5901
 1967 13769
 1967 29505
 1967 60977
 1967 123921

 1973     0
 1973  1973
 1973  5919
 1973 13811
 1973 29595
 1973 61163
 1973 124299

 1979     0
 1979  1979
 1979  5937
 1979 13853
 1979 29685
 1979 61349
 1979 124677

 1985     0
 1985  1985
 1985  5955
 1985 13895
 1985 29775
 1985 61535
 1985 125055

 1991     0
 1991  1991
 1991  5973
 1991 13937
 1991 29865
 1991 61721
 1991 125433

 1997     0
 1997  1997
 1997  5991
 1997 13979
 1997 29955
 1997 61907
 1997 125811

