1 4
1 1

7 28
9 9

13 52
17 17

19 76
25 25

25 100
33 33

31 124
41 41

37 148
49 49

43 172
57 57

49 196
65 65

55 220
73 73

61 244
81 81

67 268
89 89

73 292
97 97

79 316
105 105

85 340
113 113

91 364
121 121

97 388
129 129

103 412
137 137

109 436
145 145

115 460
153 153

121 484
161 161

127 508
169 169

133 532
177 177

139 556
185 185

145 580
193 193

151 604
201 201

157 628
209 209

163 652
217 217

169 676
225 225

175 700
233 233

181 724
241 241

187 748
249 249

193 772
257 257

199 796
265 265

205 820
273 273

211 844
281 281

217 868
289 289

223 892
297 297

229 916
305 305

235 940
313 313

241 964
321 321

247 988
329 329

253 1012
337 337

259 1036
345 345

265 1060
353 353

271 1084
361 361

277 1108
369 369

283 1132
377 377

289 1156
385 385

295 1180
393 393

301 1204
401 401

307 1228
409 409

313 1252
417 417

319 1276
425 425

325 1300
433 433

331 1324
441 441

337 1348
449 449

343 1372
457 457

349 1396
465 465

355 1420
473 473

361 1444
481 481

367 1468
489 489

373 1492
497 497

379 1516
505 505

385 1540
513 513

391 1564
521 521

397 1588
529 529

403 1612
537 537

409 1636
545 545

415 1660
553 553

421 1684
561 561

427 1708
569 569

433 1732
577 577

439 1756
585 585

445 1780
593 593

451 1804
601 601

457 1828
609 609

463 1852
617 617

469 1876
625 625

475 1900
633 633

481 1924
641 641

487 1948
649 649

493 1972
657 657

499 1996
665 665

505 2020
673 673

511 2044
681 681

517 2068
689 689

523 2092
697 697

529 2116
705 705

535 2140
713 713

541 2164
721 721

547 2188
729 729

553 2212
737 737

559 2236
745 745

565 2260
753 753

571 2284
761 761

577 2308
769 769

583 2332
777 777

589 2356
785 785

595 2380
793 793

601 2404
801 801

607 2428
809 809

613 2452
817 817

619 2476
825 825

625 2500
833 833

631 2524
841 841

637 2548
849 849

643 2572
857 857

649 2596
865 865

655 2620
873 873

661 2644
881 881

667 2668
889 889

673 2692
897 897

679 2716
905 905

685 2740
913 913

691 2764
921 921

697 2788
929 929

703 2812
937 937

709 2836
945 945

715 2860
953 953

721 2884
961 961

727 2908
969 969

733 2932
977 977

739 2956
985 985

745 2980
993 993

751 3004
1001 1001

757 3028
1009 1009

763 3052
1017 1017

769 3076
1025 1025

775 3100
1033 1033

781 3124
1041 1041

787 3148
1049 1049

793 3172
1057 1057

799 3196
1065 1065

805 3220
1073 1073

811 3244
1081 1081

817 3268
1089 1089

823 3292
1097 1097

829 3316
1105 1105

835 3340
1113 1113

841 3364
1121 1121

847 3388
1129 1129

853 3412
1137 1137

859 3436
1145 1145

865 3460
1153 1153

871 3484
1161 1161

877 3508
1169 1169

883 3532
1177 1177

889 3556
1185 1185

895 3580
1193 1193

901 3604
1201 1201

907 3628
1209 1209

913 3652
1217 1217

919 3676
1225 1225

925 3700
1233 1233

931 3724
1241 1241

937 3748
1249 1249

943 3772
1257 1257

949 3796
1265 1265

955 3820
1273 1273

961 3844
1281 1281

967 3868
1289 1289

973 3892
1297 1297

979 3916
1305 1305

985 3940
1313 1313

991 3964
1321 1321

997 3988
1329 1329

1003 4012
1337 1337

1009 4036
1345 1345

1015 4060
1353 1353

1021 4084
1361 1361

1027 4108
1369 1369

1033 4132
1377 1377

1039 4156
1385 1385

1045 4180
1393 1393

1051 4204
1401 1401

1057 4228
1409 1409

1063 4252
1417 1417

1069 4276
1425 1425

1075 4300
1433 1433

1081 4324
1441 1441

1087 4348
1449 1449

1093 4372
1457 1457

1099 4396
1465 1465

1105 4420
1473 1473

1111 4444
1481 1481

1117 4468
1489 1489

1123 4492
1497 1497

1129 4516
1505 1505

1135 4540
1513 1513

1141 4564
1521 1521

1147 4588
1529 1529

1153 4612
1537 1537

1159 4636
1545 1545

1165 4660
1553 1553

1171 4684
1561 1561

1177 4708
1569 1569

1183 4732
1577 1577

1189 4756
1585 1585

1195 4780
1593 1593

1201 4804
1601 1601

1207 4828
1609 1609

1213 4852
1617 1617

1219 4876
1625 1625

1225 4900
1633 1633

1231 4924
1641 1641

1237 4948
1649 1649

1243 4972
1657 1657

1249 4996
1665 1665

1255 5020
1673 1673

1261 5044
1681 1681

1267 5068
1689 1689

1273 5092
1697 1697

1279 5116
1705 1705

1285 5140
1713 1713

1291 5164
1721 1721

1297 5188
1729 1729

1303 5212
1737 1737

1309 5236
1745 1745

1315 5260
1753 1753

1321 5284
1761 1761

1327 5308
1769 1769

1333 5332
1777 1777

1339 5356
1785 1785

1345 5380
1793 1793

1351 5404
1801 1801

1357 5428
1809 1809

1363 5452
1817 1817

1369 5476
1825 1825

1375 5500
1833 1833

1381 5524
1841 1841

1387 5548
1849 1849

1393 5572
1857 1857

1399 5596
1865 1865

1405 5620
1873 1873

1411 5644
1881 1881

1417 5668
1889 1889

1423 5692
1897 1897

1429 5716
1905 1905

1435 5740
1913 1913

1441 5764
1921 1921

1447 5788
1929 1929

1453 5812
1937 1937

1459 5836
1945 1945

1465 5860
1953 1953

1471 5884
1961 1961

1477 5908
1969 1969

1483 5932
1977 1977

1489 5956
1985 1985

1495 5980
1993 1993

1501 6004
2001 2001

1507 6028
2009 2009

1513 6052
2017 2017

1519 6076
2025 2025

1525 6100
2033 2033

1531 6124
2041 2041

1537 6148
2049 2049

1543 6172
2057 2057

1549 6196
2065 2065

1555 6220
2073 2073

1561 6244
2081 2081

1567 6268
2089 2089

1573 6292
2097 2097

1579 6316
2105 2105

1585 6340
2113 2113

1591 6364
2121 2121

1597 6388
2129 2129

1603 6412
2137 2137

1609 6436
2145 2145

1615 6460
2153 2153

1621 6484
2161 2161

1627 6508
2169 2169

1633 6532
2177 2177

1639 6556
2185 2185

1645 6580
2193 2193

1651 6604
2201 2201

1657 6628
2209 2209

1663 6652
2217 2217

1669 6676
2225 2225

1675 6700
2233 2233

1681 6724
2241 2241

1687 6748
2249 2249

1693 6772
2257 2257

1699 6796
2265 2265

1705 6820
2273 2273

1711 6844
2281 2281

1717 6868
2289 2289

1723 6892
2297 2297

1729 6916
2305 2305

1735 6940
2313 2313

1741 6964
2321 2321

1747 6988
2329 2329

1753 7012
2337 2337

1759 7036
2345 2345

1765 7060
2353 2353

1771 7084
2361 2361

1777 7108
2369 2369

1783 7132
2377 2377

1789 7156
2385 2385

1795 7180
2393 2393

1801 7204
2401 2401

1807 7228
2409 2409

1813 7252
2417 2417

1819 7276
2425 2425

1825 7300
2433 2433

1831 7324
2441 2441

1837 7348
2449 2449

1843 7372
2457 2457

1849 7396
2465 2465

1855 7420
2473 2473

1861 7444
2481 2481

1867 7468
2489 2489

1873 7492
2497 2497

1879 7516
2505 2505

1885 7540
2513 2513

1891 7564
2521 2521

1897 7588
2529 2529

1903 7612
2537 2537

1909 7636
2545 2545

1915 7660
2553 2553

1921 7684
2561 2561

1927 7708
2569 2569

1933 7732
2577 2577

1939 7756
2585 2585

1945 7780
2593 2593

1951 7804
2601 2601

1957 7828
2609 2609

1963 7852
2617 2617

1969 7876
2625 2625

1975 7900
2633 2633

1981 7924
2641 2641

1987 7948
2649 2649

1993 7972
2657 2657

1999 7996
2665 2665

