1024 -1
3072 -3
5120 -5
7168 -7
9216 -9
11264 -11
13312 -13
15360 -15
17408 -17
19456 -19
21504 -21
23552 -23
25600 -25
27648 -27
29696 -29
31744 -31
33792 -33
35840 -35
37888 -37
39936 -39
41984 -41
44032 -43
46080 -45
48128 -47
50176 -49
52224 -51
54272 -53
56320 -55
58368 -57
60416 -59
62464 -61
64512 -63
66560 -65
68608 -67
70656 -69
72704 -71
74752 -73
76800 -75
78848 -77
80896 -79
82944 -81
84992 -83
87040 -85
89088 -87
91136 -89
93184 -91
95232 -93
97280 -95
99328 -97
101376 -99
103424 -101
105472 -103
107520 -105
109568 -107
111616 -109
113664 -111
115712 -113
117760 -115
119808 -117
121856 -119
123904 -121
125952 -123
128000 -125
130048 -127
132096 -129
134144 -131
136192 -133
138240 -135
140288 -137
142336 -139
144384 -141
146432 -143
148480 -145
150528 -147
152576 -149
154624 -151
156672 -153
158720 -155
160768 -157
162816 -159
164864 -161
166912 -163
168960 -165
171008 -167
173056 -169
175104 -171
177152 -173
179200 -175
181248 -177
183296 -179
185344 -181
187392 -183
189440 -185
191488 -187
193536 -189
195584 -191
197632 -193
199680 -195
201728 -197
203776 -199
205824 -201
207872 -203
209920 -205
211968 -207
214016 -209
216064 -211
218112 -213
220160 -215
222208 -217
224256 -219
226304 -221
228352 -223
230400 -225
232448 -227
234496 -229
236544 -231
238592 -233
240640 -235
242688 -237
244736 -239
246784 -241
248832 -243
250880 -245
252928 -247
254976 -249
257024 -251
259072 -253
261120 -255
263168 -257
265216 -259
267264 -261
269312 -263
271360 -265
273408 -267
275456 -269
277504 -271
279552 -273
281600 -275
283648 -277
285696 -279
287744 -281
289792 -283
291840 -285
293888 -287
295936 -289
297984 -291
