1 2
3 6
5 10
7 14
9 18
11 22
13 26
15 30
17 34
19 38
21 42
23 46
25 50
27 54
29 58
31 62
33 66
35 70
37 74
39 78
41 82
43 86
45 90
47 94
49 98
51 102
53 106
55 110
57 114
59 118
61 122
63 126
65 130
67 134
69 138
71 142
73 146
75 150
77 154
79 158
81 162
83 166
85 170
87 174
89 178
91 182
93 186
95 190
97 194
99 198
101 202
103 206
105 210
107 214
109 218
111 222
113 226
115 230
117 234
119 238
121 242
123 246
125 250
127 254
129 258
131 262
133 266
135 270
137 274
139 278
141 282
143 286
145 290
147 294
149 298
151 302
153 306
155 310
157 314
159 318
161 322
163 326
165 330
167 334
169 338
171 342
173 346
175 350
177 354
179 358
181 362
183 366
185 370
187 374
189 378
191 382
193 386
195 390
197 394
199 398
201 402
203 406
205 410
207 414
209 418
211 422
213 426
215 430
217 434
219 438
221 442
223 446
225 450
227 454
229 458
231 462
233 466
235 470
237 474
239 478
241 482
243 486
245 490
247 494
249 498
251 502
253 506
255 510
257 514
259 518
261 522
263 526
265 530
267 534
269 538
271 542
273 546
275 550
277 554
279 558
281 562
283 566
285 570
287 574
289 578
291 582
293 586
295 590
297 594
299 598
301 602
303 606
305 610
307 614
309 618
311 622
313 626
315 630
317 634
319 638
321 642
323 646
325 650
327 654
329 658
331 662
333 666
335 670
337 674
339 678
341 682
343 686
345 690
347 694
349 698
351 702
353 706
355 710
357 714
359 718
361 722
363 726
365 730
367 734
369 738
371 742
373 746
375 750
377 754
379 758
381 762
383 766
385 770
387 774
389 778
391 782
393 786
395 790
397 794
399 798
401 802
403 806
405 810
407 814
409 818
411 822
413 826
415 830
417 834
419 838
421 842
423 846
425 850
427 854
429 858
431 862
433 866
435 870
437 874
439 878
441 882
443 886
445 890
447 894
449 898
451 902
453 906
455 910
457 914
459 918
461 922
463 926
465 930
467 934
469 938
471 942
473 946
475 950
477 954
479 958
481 962
483 966
485 970
487 974
489 978
491 982
493 986
495 990
497 994
499 998
501 1002
503 1006
505 1010
507 1014
509 1018
511 1022
513 1026
515 1030
517 1034
519 1038
521 1042
523 1046
525 1050
527 1054
529 1058
531 1062
533 1066
535 1070
537 1074
539 1078
541 1082
543 1086
545 1090
547 1094
549 1098
551 1102
553 1106
555 1110
557 1114
559 1118
561 1122
563 1126
565 1130
567 1134
569 1138
571 1142
573 1146
575 1150
577 1154
579 1158
581 1162
583 1166
585 1170
587 1174
589 1178
591 1182
593 1186
595 1190
597 1194
599 1198
601 1202
603 1206
605 1210
607 1214
609 1218
611 1222
613 1226
615 1230
617 1234
619 1238
621 1242
623 1246
625 1250
627 1254
629 1258
631 1262
633 1266
635 1270
637 1274
639 1278
641 1282
643 1286
645 1290
647 1294
649 1298
651 1302
653 1306
655 1310
657 1314
659 1318
661 1322
663 1326
665 1330
667 1334
669 1338
671 1342
673 1346
675 1350
677 1354
679 1358
681 1362
683 1366
685 1370
687 1374
689 1378
691 1382
693 1386
695 1390
697 1394
699 1398
701 1402
703 1406
705 1410
707 1414
709 1418
711 1422
713 1426
715 1430
717 1434
719 1438
721 1442
723 1446
725 1450
727 1454
729 1458
731 1462
733 1466
735 1470
737 1474
739 1478
741 1482
743 1486
745 1490
747 1494
749 1498
751 1502
753 1506
755 1510
757 1514
759 1518
761 1522
763 1526
765 1530
767 1534
769 1538
771 1542
773 1546
775 1550
777 1554
779 1558
781 1562
783 1566
785 1570
787 1574
789 1578
791 1582
793 1586
795 1590
797 1594
799 1598
801 1602
803 1606
805 1610
807 1614
809 1618
811 1622
813 1626
815 1630
817 1634
819 1638
821 1642
823 1646
825 1650
827 1654
829 1658
831 1662
833 1666
835 1670
837 1674
839 1678
841 1682
843 1686
845 1690
847 1694
849 1698
851 1702
853 1706
855 1710
857 1714
859 1718
861 1722
863 1726
865 1730
867 1734
869 1738
871 1742
873 1746
875 1750
877 1754
879 1758
881 1762
883 1766
885 1770
887 1774
889 1778
891 1782
893 1786
895 1790
897 1794
899 1798
901 1802
903 1806
905 1810
907 1814
909 1818
911 1822
913 1826
915 1830
917 1834
919 1838
921 1842
923 1846
925 1850
927 1854
929 1858
931 1862
933 1866
935 1870
937 1874
939 1878
941 1882
943 1886
945 1890
947 1894
949 1898
951 1902
953 1906
955 1910
957 1914
959 1918
961 1922
963 1926
965 1930
967 1934
969 1938
971 1942
973 1946
975 1950
977 1954
979 1958
981 1962
983 1966
985 1970
987 1974
989 1978
991 1982
993 1986
995 1990
997 1994
999 1998
1001 2002
1003 2006
1005 2010
1007 2014
1009 2018
1011 2022
1013 2026
1015 2030
1017 2034
1019 2038
1021 2042
1023 2046
1025 2050
1027 2054
1029 2058
1031 2062
1033 2066
1035 2070
1037 2074
1039 2078
1041 2082
1043 2086
1045 2090
1047 2094
1049 2098
1051 2102
1053 2106
1055 2110
1057 2114
1059 2118
1061 2122
1063 2126
1065 2130
1067 2134
1069 2138
1071 2142
1073 2146
1075 2150
1077 2154
1079 2158
1081 2162
1083 2166
1085 2170
1087 2174
1089 2178
1091 2182
1093 2186
1095 2190
1097 2194
1099 2198
1101 2202
1103 2206
1105 2210
1107 2214
1109 2218
1111 2222
1113 2226
1115 2230
1117 2234
1119 2238
1121 2242
1123 2246
1125 2250
1127 2254
1129 2258
1131 2262
1133 2266
1135 2270
1137 2274
1139 2278
1141 2282
1143 2286
1145 2290
1147 2294
1149 2298
1151 2302
1153 2306
1155 2310
1157 2314
1159 2318
1161 2322
1163 2326
1165 2330
1167 2334
1169 2338
1171 2342
1173 2346
1175 2350
1177 2354
1179 2358
1181 2362
1183 2366
1185 2370
1187 2374
1189 2378
1191 2382
1193 2386
1195 2390
1197 2394
1199 2398
1201 2402
1203 2406
1205 2410
1207 2414
1209 2418
1211 2422
1213 2426
1215 2430
1217 2434
1219 2438
1221 2442
1223 2446
1225 2450
1227 2454
1229 2458
1231 2462
1233 2466
1235 2470
1237 2474
1239 2478
1241 2482
1243 2486
1245 2490
1247 2494
1249 2498
1251 2502
1253 2506
1255 2510
1257 2514
1259 2518
1261 2522
1263 2526
1265 2530
1267 2534
1269 2538
1271 2542
1273 2546
1275 2550
1277 2554
1279 2558
1281 2562
1283 2566
1285 2570
1287 2574
1289 2578
1291 2582
1293 2586
1295 2590
1297 2594
1299 2598
1301 2602
1303 2606
1305 2610
1307 2614
1309 2618
1311 2622
1313 2626
1315 2630
1317 2634
1319 2638
1321 2642
1323 2646
1325 2650
1327 2654
1329 2658
1331 2662
1333 2666
1335 2670
1337 2674
1339 2678
1341 2682
1343 2686
1345 2690
1347 2694
1349 2698
1351 2702
1353 2706
1355 2710
1357 2714
1359 2718
1361 2722
1363 2726
1365 2730
1367 2734
1369 2738
1371 2742
1373 2746
1375 2750
1377 2754
1379 2758
1381 2762
1383 2766
1385 2770
1387 2774
1389 2778
1391 2782
1393 2786
1395 2790
1397 2794
1399 2798
1401 2802
1403 2806
1405 2810
1407 2814
1409 2818
1411 2822
1413 2826
1415 2830
1417 2834
1419 2838
1421 2842
1423 2846
1425 2850
1427 2854
1429 2858
1431 2862
1433 2866
1435 2870
1437 2874
1439 2878
1441 2882
1443 2886
1445 2890
1447 2894
1449 2898
1451 2902
1453 2906
1455 2910
1457 2914
1459 2918
1461 2922
1463 2926
1465 2930
1467 2934
1469 2938
1471 2942
1473 2946
1475 2950
1477 2954
1479 2958
1481 2962
1483 2966
1485 2970
1487 2974
1489 2978
1491 2982
1493 2986
1495 2990
1497 2994
1499 2998
1501 3002
1503 3006
1505 3010
1507 3014
1509 3018
1511 3022
1513 3026
1515 3030
1517 3034
1519 3038
1521 3042
1523 3046
1525 3050
1527 3054
1529 3058
1531 3062
1533 3066
1535 3070
1537 3074
1539 3078
1541 3082
1543 3086
1545 3090
1547 3094
1549 3098
1551 3102
1553 3106
1555 3110
1557 3114
1559 3118
1561 3122
1563 3126
1565 3130
1567 3134
1569 3138
1571 3142
1573 3146
1575 3150
1577 3154
1579 3158
1581 3162
1583 3166
1585 3170
1587 3174
1589 3178
1591 3182
1593 3186
1595 3190
1597 3194
1599 3198
1601 3202
1603 3206
1605 3210
1607 3214
1609 3218
1611 3222
1613 3226
1615 3230
1617 3234
1619 3238
1621 3242
1623 3246
1625 3250
1627 3254
1629 3258
1631 3262
1633 3266
1635 3270
1637 3274
1639 3278
1641 3282
1643 3286
1645 3290
1647 3294
1649 3298
1651 3302
1653 3306
1655 3310
1657 3314
1659 3318
1661 3322
1663 3326
1665 3330
1667 3334
1669 3338
1671 3342
1673 3346
1675 3350
1677 3354
1679 3358
1681 3362
1683 3366
1685 3370
1687 3374
1689 3378
1691 3382
1693 3386
1695 3390
1697 3394
1699 3398
1701 3402
1703 3406
1705 3410
1707 3414
1709 3418
1711 3422
1713 3426
1715 3430
1717 3434
1719 3438
1721 3442
1723 3446
1725 3450
1727 3454
1729 3458
1731 3462
1733 3466
1735 3470
1737 3474
1739 3478
1741 3482
1743 3486
1745 3490
1747 3494
1749 3498
1751 3502
1753 3506
1755 3510
1757 3514
1759 3518
1761 3522
1763 3526
1765 3530
1767 3534
1769 3538
1771 3542
1773 3546
1775 3550
1777 3554
1779 3558
1781 3562
1783 3566
1785 3570
1787 3574
1789 3578
1791 3582
1793 3586
1795 3590
1797 3594
1799 3598
1801 3602
1803 3606
1805 3610
1807 3614
1809 3618
1811 3622
1813 3626
1815 3630
1817 3634
1819 3638
1821 3642
1823 3646
1825 3650
1827 3654
1829 3658
1831 3662
1833 3666
1835 3670
1837 3674
1839 3678
1841 3682
1843 3686
1845 3690
1847 3694
1849 3698
1851 3702
1853 3706
1855 3710
1857 3714
1859 3718
1861 3722
1863 3726
1865 3730
1867 3734
1869 3738
1871 3742
1873 3746
1875 3750
1877 3754
1879 3758
1881 3762
1883 3766
1885 3770
1887 3774
1889 3778
1891 3782
1893 3786
1895 3790
1897 3794
1899 3798
1901 3802
1903 3806
1905 3810
1907 3814
1909 3818
1911 3822
1913 3826
1915 3830
1917 3834
1919 3838
1921 3842
1923 3846
1925 3850
1927 3854
1929 3858
1931 3862
1933 3866
1935 3870
1937 3874
1939 3878
1941 3882
1943 3886
1945 3890
1947 3894
1949 3898
1951 3902
1953 3906
1955 3910
1957 3914
1959 3918
1961 3922
1963 3926
1965 3930
1967 3934
1969 3938
1971 3942
1973 3946
1975 3950
1977 3954
1979 3958
1981 3962
1983 3966
1985 3970
1987 3974
1989 3978
1991 3982
1993 3986
1995 3990
1997 3994
1999 3998
