16 -1
5 -5

112 -7
37 -37

208 -13
69 -69

304 -19
101 -101

400 -25
133 -133

496 -31
165 -165

592 -37
197 -197

688 -43
229 -229

784 -49
261 -261

880 -55
293 -293

976 -61
325 -325

1072 -67
357 -357

1168 -73
389 -389

1264 -79
421 -421

1360 -85
453 -453

1456 -91
485 -485

1552 -97
517 -517

1648 -103
549 -549

1744 -109
581 -581

1840 -115
613 -613

1936 -121
645 -645

2032 -127
677 -677

2128 -133
709 -709

2224 -139
741 -741

2320 -145
773 -773

2416 -151
805 -805

2512 -157
837 -837

2608 -163
869 -869

2704 -169
901 -901

2800 -175
933 -933

2896 -181
965 -965

2992 -187
997 -997

3088 -193
1029 -1029

3184 -199
1061 -1061

3280 -205
1093 -1093

3376 -211
1125 -1125

3472 -217
1157 -1157

3568 -223
1189 -1189

3664 -229
1221 -1221

3760 -235
1253 -1253

3856 -241
1285 -1285

3952 -247
1317 -1317

4048 -253
1349 -1349

4144 -259
1381 -1381

4240 -265
1413 -1413

4336 -271
1445 -1445

4432 -277
1477 -1477

4528 -283
1509 -1509

4624 -289
1541 -1541

4720 -295
1573 -1573

4816 -301
1605 -1605

4912 -307
1637 -1637

5008 -313
1669 -1669

5104 -319
1701 -1701

5200 -325
1733 -1733

5296 -331
1765 -1765

5392 -337
1797 -1797

5488 -343
1829 -1829

5584 -349
1861 -1861

5680 -355
1893 -1893

5776 -361
1925 -1925

5872 -367
1957 -1957

5968 -373
1989 -1989

6064 -379
2021 -2021

6160 -385
2053 -2053

6256 -391
2085 -2085

6352 -397
2117 -2117

6448 -403
2149 -2149

6544 -409
2181 -2181

6640 -415
2213 -2213

6736 -421
2245 -2245

6832 -427
2277 -2277

6928 -433
2309 -2309

7024 -439
2341 -2341

7120 -445
2373 -2373

7216 -451
2405 -2405

7312 -457
2437 -2437

7408 -463
2469 -2469

7504 -469
2501 -2501

7600 -475
2533 -2533

7696 -481
2565 -2565

7792 -487
2597 -2597

7888 -493
2629 -2629

7984 -499
2661 -2661

8080 -505
2693 -2693

8176 -511
2725 -2725

8272 -517
2757 -2757

8368 -523
2789 -2789

8464 -529
2821 -2821

8560 -535
2853 -2853

8656 -541
2885 -2885

8752 -547
2917 -2917

8848 -553
2949 -2949

8944 -559
2981 -2981

9040 -565
3013 -3013

9136 -571
3045 -3045

9232 -577
3077 -3077

9328 -583
3109 -3109

9424 -589
3141 -3141

9520 -595
3173 -3173

9616 -601
3205 -3205

9712 -607
3237 -3237

9808 -613
3269 -3269

9904 -619
3301 -3301

10000 -625
3333 -3333

10096 -631
3365 -3365

10192 -637
3397 -3397

10288 -643
3429 -3429

10384 -649
3461 -3461

10480 -655
3493 -3493

10576 -661
3525 -3525

10672 -667
3557 -3557

10768 -673
3589 -3589

10864 -679
3621 -3621

10960 -685
3653 -3653

11056 -691
3685 -3685

11152 -697
3717 -3717

11248 -703
3749 -3749

11344 -709
3781 -3781

11440 -715
3813 -3813

11536 -721
3845 -3845

11632 -727
3877 -3877

11728 -733
3909 -3909

11824 -739
3941 -3941

11920 -745
3973 -3973

12016 -751
4005 -4005

12112 -757
4037 -4037

12208 -763
4069 -4069

12304 -769
4101 -4101

12400 -775
4133 -4133

12496 -781
4165 -4165

12592 -787
4197 -4197

12688 -793
4229 -4229

12784 -799
4261 -4261

12880 -805
4293 -4293

12976 -811
4325 -4325

13072 -817
4357 -4357

13168 -823
4389 -4389

13264 -829
4421 -4421

13360 -835
4453 -4453

13456 -841
4485 -4485

13552 -847
4517 -4517

13648 -853
4549 -4549

13744 -859
4581 -4581

13840 -865
4613 -4613

13936 -871
4645 -4645

14032 -877
4677 -4677

14128 -883
4709 -4709

14224 -889
4741 -4741

14320 -895
4773 -4773

14416 -901
4805 -4805

14512 -907
4837 -4837

14608 -913
4869 -4869

14704 -919
4901 -4901

14800 -925
4933 -4933

14896 -931
4965 -4965

14992 -937
4997 -4997

15088 -943
5029 -5029

15184 -949
5061 -5061

15280 -955
5093 -5093

15376 -961
5125 -5125

15472 -967
5157 -5157

15568 -973
5189 -5189

15664 -979
5221 -5221

15760 -985
5253 -5253

15856 -991
5285 -5285

15952 -997
5317 -5317

16048 -1003
5349 -5349

16144 -1009
5381 -5381

16240 -1015
5413 -5413

16336 -1021
5445 -5445

16432 -1027
5477 -5477

16528 -1033
5509 -5509

16624 -1039
5541 -5541

16720 -1045
5573 -5573

16816 -1051
5605 -5605

16912 -1057
5637 -5637

17008 -1063
5669 -5669

17104 -1069
5701 -5701

17200 -1075
5733 -5733

17296 -1081
5765 -5765

17392 -1087
5797 -5797

17488 -1093
5829 -5829

17584 -1099
5861 -5861

17680 -1105
5893 -5893

17776 -1111
5925 -5925

17872 -1117
5957 -5957

17968 -1123
5989 -5989

18064 -1129
6021 -6021

18160 -1135
6053 -6053

18256 -1141
6085 -6085

18352 -1147
6117 -6117

18448 -1153
6149 -6149

18544 -1159
6181 -6181

18640 -1165
6213 -6213

18736 -1171
6245 -6245

18832 -1177
6277 -6277

18928 -1183
6309 -6309

19024 -1189
6341 -6341

19120 -1195
6373 -6373

19216 -1201
6405 -6405

19312 -1207
6437 -6437

19408 -1213
6469 -6469

19504 -1219
6501 -6501

19600 -1225
6533 -6533

19696 -1231
6565 -6565

19792 -1237
6597 -6597

19888 -1243
6629 -6629

19984 -1249
6661 -6661

20080 -1255
6693 -6693

20176 -1261
6725 -6725

20272 -1267
6757 -6757

20368 -1273
6789 -6789

20464 -1279
6821 -6821

20560 -1285
6853 -6853

20656 -1291
6885 -6885

20752 -1297
6917 -6917

20848 -1303
6949 -6949

20944 -1309
6981 -6981

21040 -1315
7013 -7013

21136 -1321
7045 -7045

21232 -1327
7077 -7077

21328 -1333
7109 -7109

21424 -1339
7141 -7141

21520 -1345
7173 -7173

21616 -1351
7205 -7205

21712 -1357
7237 -7237

21808 -1363
7269 -7269

21904 -1369
7301 -7301

22000 -1375
7333 -7333

22096 -1381
7365 -7365

22192 -1387
7397 -7397

22288 -1393
7429 -7429

22384 -1399
7461 -7461

22480 -1405
7493 -7493

22576 -1411
7525 -7525

22672 -1417
7557 -7557

22768 -1423
7589 -7589

22864 -1429
7621 -7621

22960 -1435
7653 -7653

23056 -1441
7685 -7685

23152 -1447
7717 -7717

23248 -1453
7749 -7749

23344 -1459
7781 -7781

23440 -1465
7813 -7813

23536 -1471
7845 -7845

23632 -1477
7877 -7877

23728 -1483
7909 -7909

23824 -1489
7941 -7941

23920 -1495
7973 -7973

24016 -1501
8005 -8005

24112 -1507
8037 -8037

24208 -1513
8069 -8069

24304 -1519
8101 -8101

24400 -1525
8133 -8133

24496 -1531
8165 -8165

24592 -1537
8197 -8197

24688 -1543
8229 -8229

24784 -1549
8261 -8261

24880 -1555
8293 -8293

24976 -1561
8325 -8325

25072 -1567
8357 -8357

25168 -1573
8389 -8389

25264 -1579
8421 -8421

25360 -1585
8453 -8453

25456 -1591
8485 -8485

25552 -1597
8517 -8517

25648 -1603
8549 -8549

25744 -1609
8581 -8581

25840 -1615
8613 -8613

25936 -1621
8645 -8645

26032 -1627
8677 -8677

26128 -1633
8709 -8709

26224 -1639
8741 -8741

26320 -1645
8773 -8773

26416 -1651
8805 -8805

26512 -1657
8837 -8837

26608 -1663
8869 -8869

26704 -1669
8901 -8901

26800 -1675
8933 -8933

26896 -1681
8965 -8965

26992 -1687
8997 -8997

27088 -1693
9029 -9029

27184 -1699
9061 -9061

27280 -1705
9093 -9093

27376 -1711
9125 -9125

27472 -1717
9157 -9157

27568 -1723
9189 -9189

27664 -1729
9221 -9221

27760 -1735
9253 -9253

27856 -1741
9285 -9285

27952 -1747
9317 -9317

28048 -1753
9349 -9349

28144 -1759
9381 -9381

28240 -1765
9413 -9413

28336 -1771
9445 -9445

28432 -1777
9477 -9477

28528 -1783
9509 -9509

28624 -1789
9541 -9541

28720 -1795
9573 -9573

28816 -1801
9605 -9605

28912 -1807
9637 -9637

29008 -1813
9669 -9669

29104 -1819
9701 -9701

29200 -1825
9733 -9733

29296 -1831
9765 -9765

29392 -1837
9797 -9797

29488 -1843
9829 -9829

29584 -1849
9861 -9861

29680 -1855
9893 -9893

29776 -1861
9925 -9925

29872 -1867
9957 -9957

29968 -1873
9989 -9989

30064 -1879
10021 -10021

30160 -1885
10053 -10053

30256 -1891
10085 -10085

30352 -1897
10117 -10117

30448 -1903
10149 -10149

30544 -1909
10181 -10181

30640 -1915
10213 -10213

30736 -1921
10245 -10245

30832 -1927
10277 -10277

30928 -1933
10309 -10309

31024 -1939
10341 -10341

31120 -1945
10373 -10373

31216 -1951
10405 -10405

31312 -1957
10437 -10437

31408 -1963
10469 -10469

31504 -1969
10501 -10501

31600 -1975
10533 -10533

31696 -1981
10565 -10565

31792 -1987
10597 -10597

31888 -1993
10629 -10629

31984 -1999
10661 -10661

