5 40
13 13

11 88
29 29

17 136
45 45

23 184
61 61

29 232
77 77

35 280
93 93

41 328
109 109

47 376
125 125

53 424
141 141

59 472
157 157

65 520
173 173

71 568
189 189

77 616
205 205

83 664
221 221

89 712
237 237

95 760
253 253

101 808
269 269

107 856
285 285

113 904
301 301

119 952
317 317

125 1000
333 333

131 1048
349 349

137 1096
365 365

143 1144
381 381

149 1192
397 397

155 1240
413 413

161 1288
429 429

167 1336
445 445

173 1384
461 461

179 1432
477 477

185 1480
493 493

191 1528
509 509

197 1576
525 525

203 1624
541 541

209 1672
557 557

215 1720
573 573

221 1768
589 589

227 1816
605 605

233 1864
621 621

239 1912
637 637

245 1960
653 653

251 2008
669 669

257 2056
685 685

263 2104
701 701

269 2152
717 717

275 2200
733 733

281 2248
749 749

287 2296
765 765

293 2344
781 781

299 2392
797 797

305 2440
813 813

311 2488
829 829

317 2536
845 845

323 2584
861 861

329 2632
877 877

335 2680
893 893

341 2728
909 909

347 2776
925 925

353 2824
941 941

359 2872
957 957

365 2920
973 973

371 2968
989 989

377 3016
1005 1005

383 3064
1021 1021

389 3112
1037 1037

395 3160
1053 1053

401 3208
1069 1069

407 3256
1085 1085

413 3304
1101 1101

419 3352
1117 1117

425 3400
1133 1133

431 3448
1149 1149

437 3496
1165 1165

443 3544
1181 1181

449 3592
1197 1197

455 3640
1213 1213

461 3688
1229 1229

467 3736
1245 1245

473 3784
1261 1261

479 3832
1277 1277

485 3880
1293 1293

491 3928
1309 1309

497 3976
1325 1325

503 4024
1341 1341

509 4072
1357 1357

515 4120
1373 1373

521 4168
1389 1389

527 4216
1405 1405

533 4264
1421 1421

539 4312
1437 1437

545 4360
1453 1453

551 4408
1469 1469

557 4456
1485 1485

563 4504
1501 1501

569 4552
1517 1517

575 4600
1533 1533

581 4648
1549 1549

587 4696
1565 1565

593 4744
1581 1581

599 4792
1597 1597

605 4840
1613 1613

611 4888
1629 1629

617 4936
1645 1645

623 4984
1661 1661

629 5032
1677 1677

635 5080
1693 1693

641 5128
1709 1709

647 5176
1725 1725

653 5224
1741 1741

659 5272
1757 1757

665 5320
1773 1773

671 5368
1789 1789

677 5416
1805 1805

683 5464
1821 1821

689 5512
1837 1837

695 5560
1853 1853

701 5608
1869 1869

707 5656
1885 1885

713 5704
1901 1901

719 5752
1917 1917

725 5800
1933 1933

731 5848
1949 1949

737 5896
1965 1965

743 5944
1981 1981

749 5992
1997 1997

755 6040
2013 2013

761 6088
2029 2029

767 6136
2045 2045

773 6184
2061 2061

779 6232
2077 2077

785 6280
2093 2093

791 6328
2109 2109

797 6376
2125 2125

803 6424
2141 2141

809 6472
2157 2157

815 6520
2173 2173

821 6568
2189 2189

827 6616
2205 2205

833 6664
2221 2221

839 6712
2237 2237

845 6760
2253 2253

851 6808
2269 2269

857 6856
2285 2285

863 6904
2301 2301

869 6952
2317 2317

875 7000
2333 2333

881 7048
2349 2349

887 7096
2365 2365

893 7144
2381 2381

899 7192
2397 2397

905 7240
2413 2413

911 7288
2429 2429

917 7336
2445 2445

923 7384
2461 2461

929 7432
2477 2477

935 7480
2493 2493

941 7528
2509 2509

947 7576
2525 2525

953 7624
2541 2541

959 7672
2557 2557

965 7720
2573 2573

971 7768
2589 2589

977 7816
2605 2605

983 7864
2621 2621

989 7912
2637 2637

995 7960
2653 2653

1001 8008
2669 2669

1007 8056
2685 2685

1013 8104
2701 2701

1019 8152
2717 2717

1025 8200
2733 2733

1031 8248
2749 2749

1037 8296
2765 2765

1043 8344
2781 2781

1049 8392
2797 2797

1055 8440
2813 2813

1061 8488
2829 2829

1067 8536
2845 2845

1073 8584
2861 2861

1079 8632
2877 2877

1085 8680
2893 2893

1091 8728
2909 2909

1097 8776
2925 2925

1103 8824
2941 2941

1109 8872
2957 2957

1115 8920
2973 2973

1121 8968
2989 2989

1127 9016
3005 3005

1133 9064
3021 3021

1139 9112
3037 3037

1145 9160
3053 3053

1151 9208
3069 3069

1157 9256
3085 3085

1163 9304
3101 3101

1169 9352
3117 3117

1175 9400
3133 3133

1181 9448
3149 3149

1187 9496
3165 3165

1193 9544
3181 3181

1199 9592
3197 3197

1205 9640
3213 3213

1211 9688
3229 3229

1217 9736
3245 3245

1223 9784
3261 3261

1229 9832
3277 3277

1235 9880
3293 3293

1241 9928
3309 3309

1247 9976
3325 3325

1253 10024
3341 3341

1259 10072
3357 3357

1265 10120
3373 3373

1271 10168
3389 3389

1277 10216
3405 3405

1283 10264
3421 3421

1289 10312
3437 3437

1295 10360
3453 3453

1301 10408
3469 3469

1307 10456
3485 3485

1313 10504
3501 3501

1319 10552
3517 3517

1325 10600
3533 3533

1331 10648
3549 3549

1337 10696
3565 3565

1343 10744
3581 3581

1349 10792
3597 3597

1355 10840
3613 3613

1361 10888
3629 3629

1367 10936
3645 3645

1373 10984
3661 3661

1379 11032
3677 3677

1385 11080
3693 3693

1391 11128
3709 3709

1397 11176
3725 3725

1403 11224
3741 3741

1409 11272
3757 3757

1415 11320
3773 3773

1421 11368
3789 3789

1427 11416
3805 3805

1433 11464
3821 3821

1439 11512
3837 3837

1445 11560
3853 3853

1451 11608
3869 3869

1457 11656
3885 3885

1463 11704
3901 3901

1469 11752
3917 3917

1475 11800
3933 3933

1481 11848
3949 3949

1487 11896
3965 3965

1493 11944
3981 3981

1499 11992
3997 3997

1505 12040
4013 4013

1511 12088
4029 4029

1517 12136
4045 4045

1523 12184
4061 4061

1529 12232
4077 4077

1535 12280
4093 4093

1541 12328
4109 4109

1547 12376
4125 4125

1553 12424
4141 4141

1559 12472
4157 4157

1565 12520
4173 4173

1571 12568
4189 4189

1577 12616
4205 4205

1583 12664
4221 4221

1589 12712
4237 4237

1595 12760
4253 4253

1601 12808
4269 4269

1607 12856
4285 4285

1613 12904
4301 4301

1619 12952
4317 4317

1625 13000
4333 4333

1631 13048
4349 4349

1637 13096
4365 4365

1643 13144
4381 4381

1649 13192
4397 4397

1655 13240
4413 4413

1661 13288
4429 4429

1667 13336
4445 4445

1673 13384
4461 4461

1679 13432
4477 4477

1685 13480
4493 4493

1691 13528
4509 4509

1697 13576
4525 4525

1703 13624
4541 4541

1709 13672
4557 4557

1715 13720
4573 4573

1721 13768
4589 4589

1727 13816
4605 4605

1733 13864
4621 4621

1739 13912
4637 4637

1745 13960
4653 4653

1751 14008
4669 4669

1757 14056
4685 4685

1763 14104
4701 4701

1769 14152
4717 4717

1775 14200
4733 4733

1781 14248
4749 4749

1787 14296
4765 4765

1793 14344
4781 4781

1799 14392
4797 4797

1805 14440
4813 4813

1811 14488
4829 4829

1817 14536
4845 4845

1823 14584
4861 4861

1829 14632
4877 4877

1835 14680
4893 4893

1841 14728
4909 4909

1847 14776
4925 4925

1853 14824
4941 4941

1859 14872
4957 4957

1865 14920
4973 4973

1871 14968
4989 4989

1877 15016
5005 5005

1883 15064
5021 5021

1889 15112
5037 5037

1895 15160
5053 5053

1901 15208
5069 5069

1907 15256
5085 5085

1913 15304
5101 5101

1919 15352
5117 5117

1925 15400
5133 5133

1931 15448
5149 5149

1937 15496
5165 5165

1943 15544
5181 5181

1949 15592
5197 5197

1955 15640
5213 5213

1961 15688
5229 5229

1967 15736
5245 5245

1973 15784
5261 5261

1979 15832
5277 5277

1985 15880
5293 5293

1991 15928
5309 5309

1997 15976
5325 5325

