
1 -1
3 -3
5 -5
7 -7
9 -9
11 -11
13 -13
15 -15
17 -17
19 -19
21 -21
23 -23
25 -25
27 -27
29 -29
31 -31
33 -33
35 -35
37 -37
39 -39
41 -41
43 -43
45 -45
47 -47
49 -49
51 -51
53 -53
55 -55
57 -57
59 -59
61 -61
63 -63
65 -65
67 -67
69 -69
71 -71
73 -73
75 -75
77 -77
79 -79
81 -81
83 -83
85 -85
87 -87
89 -89
91 -91
93 -93
95 -95
97 -97
99 -99
101 -101
103 -103
105 -105
107 -107
109 -109
111 -111
113 -113
115 -115
117 -117
119 -119
121 -121
123 -123
125 -125
127 -127
129 -129
131 -131
133 -133
135 -135
137 -137
139 -139
141 -141
143 -143
145 -145
147 -147
149 -149
151 -151
153 -153
155 -155
157 -157
159 -159
161 -161
163 -163
165 -165
167 -167
169 -169
171 -171
173 -173
175 -175
177 -177
179 -179
181 -181
183 -183
185 -185
187 -187
189 -189
191 -191
193 -193
195 -195
197 -197
199 -199
201 -201
203 -203
205 -205
207 -207
209 -209
211 -211
213 -213
215 -215
217 -217
219 -219
221 -221
223 -223
225 -225
227 -227
229 -229
231 -231
233 -233
235 -235
237 -237
239 -239
241 -241
243 -243
245 -245
247 -247
249 -249
251 -251
253 -253
255 -255
257 -257
259 -259
261 -261
263 -263
265 -265
267 -267
269 -269
271 -271
273 -273
275 -275
277 -277
279 -279
281 -281
283 -283
285 -285
287 -287
289 -289
291 -291
293 -293
295 -295
297 -297
299 -299
301 -301
303 -303
305 -305
307 -307
309 -309
311 -311
313 -313
315 -315
317 -317
319 -319
321 -321
323 -323
325 -325
327 -327
329 -329
331 -331
333 -333
335 -335
337 -337
339 -339
341 -341
343 -343
345 -345
347 -347
349 -349
351 -351
353 -353
355 -355
357 -357
359 -359
361 -361
363 -363
365 -365
367 -367
369 -369
371 -371
373 -373
375 -375
377 -377
379 -379
381 -381
383 -383
385 -385
387 -387
389 -389
391 -391
393 -393
395 -395
397 -397
399 -399
401 -401
403 -403
405 -405
407 -407
409 -409
411 -411
413 -413
415 -415
417 -417
419 -419
421 -421
423 -423
425 -425
427 -427
429 -429
431 -431
433 -433
435 -435
437 -437
439 -439
441 -441
443 -443
445 -445
447 -447
449 -449
451 -451
453 -453
455 -455
457 -457
459 -459
461 -461
463 -463
465 -465
467 -467
469 -469
471 -471
473 -473
475 -475
477 -477
479 -479
481 -481
483 -483
485 -485
487 -487
489 -489
491 -491
493 -493
495 -495
497 -497
499 -499
501 -501
503 -503
505 -505
507 -507
509 -509
511 -511
513 -513
515 -515
517 -517
519 -519
521 -521
523 -523
525 -525
527 -527
529 -529
531 -531
533 -533
535 -535
537 -537
539 -539
541 -541
543 -543
545 -545
547 -547
549 -549
551 -551
553 -553
555 -555
557 -557
559 -559
561 -561
563 -563
565 -565
567 -567
569 -569
571 -571
573 -573
575 -575
577 -577
579 -579
581 -581
583 -583
585 -585
587 -587
589 -589
591 -591
593 -593
595 -595
597 -597
599 -599
601 -601
603 -603
605 -605
607 -607
609 -609
611 -611
613 -613
615 -615
617 -617
619 -619
621 -621
623 -623
625 -625
627 -627
629 -629
631 -631
633 -633
635 -635
637 -637
639 -639
641 -641
643 -643
645 -645
647 -647
649 -649
651 -651
653 -653
655 -655
657 -657
659 -659
661 -661
663 -663
665 -665
667 -667
669 -669
671 -671
673 -673
675 -675
677 -677
679 -679
681 -681
683 -683
685 -685
687 -687
689 -689
691 -691
693 -693
695 -695
697 -697
699 -699
701 -701
703 -703
705 -705
707 -707
709 -709
711 -711
713 -713
715 -715
717 -717
719 -719
721 -721
723 -723
725 -725
727 -727
729 -729
731 -731
733 -733
735 -735
737 -737
739 -739
741 -741
743 -743
745 -745
747 -747
749 -749
751 -751
753 -753
755 -755
757 -757
759 -759
761 -761
763 -763
765 -765
767 -767
769 -769
771 -771
773 -773
775 -775
777 -777
779 -779
781 -781
783 -783
785 -785
787 -787
789 -789
791 -791
793 -793
795 -795
797 -797
799 -799
801 -801
803 -803
805 -805
807 -807
809 -809
811 -811
813 -813
815 -815
817 -817
819 -819
821 -821
823 -823
825 -825
827 -827
829 -829
831 -831
833 -833
835 -835
837 -837
839 -839
841 -841
843 -843
845 -845
847 -847
849 -849
851 -851
853 -853
855 -855
857 -857
859 -859
861 -861
863 -863
865 -865
867 -867
869 -869
871 -871
873 -873
875 -875
877 -877
879 -879
881 -881
883 -883
885 -885
887 -887
889 -889
891 -891
893 -893
895 -895
897 -897
899 -899
901 -901
903 -903
905 -905
907 -907
909 -909
911 -911
913 -913
915 -915
917 -917
919 -919
921 -921
923 -923
925 -925
927 -927
929 -929
931 -931
933 -933
935 -935
937 -937
939 -939
941 -941
943 -943
945 -945
947 -947
949 -949
951 -951
953 -953
955 -955
957 -957
959 -959
961 -961
963 -963
965 -965
967 -967
969 -969
971 -971
973 -973
975 -975
977 -977
979 -979
981 -981
983 -983
985 -985
987 -987
989 -989
991 -991
993 -993
995 -995
997 -997
999 -999
1001 -1001
1003 -1003
1005 -1005
1007 -1007
1009 -1009
1011 -1011
1013 -1013
1015 -1015
1017 -1017
1019 -1019
1021 -1021
1023 -1023
1025 -1025
1027 -1027
1029 -1029
1031 -1031
1033 -1033
1035 -1035
1037 -1037
1039 -1039
1041 -1041
1043 -1043
1045 -1045
1047 -1047
1049 -1049
1051 -1051
1053 -1053
1055 -1055
1057 -1057
1059 -1059
1061 -1061
1063 -1063
1065 -1065
1067 -1067
1069 -1069
1071 -1071
1073 -1073
1075 -1075
1077 -1077
1079 -1079
1081 -1081
1083 -1083
1085 -1085
1087 -1087
1089 -1089
1091 -1091
1093 -1093
1095 -1095
1097 -1097
1099 -1099
1101 -1101
1103 -1103
1105 -1105
1107 -1107
1109 -1109
1111 -1111
1113 -1113
1115 -1115
1117 -1117
1119 -1119
1121 -1121
1123 -1123
1125 -1125
1127 -1127
1129 -1129
1131 -1131
1133 -1133
1135 -1135
1137 -1137
1139 -1139
1141 -1141
1143 -1143
1145 -1145
1147 -1147
1149 -1149
1151 -1151
1153 -1153
1155 -1155
1157 -1157
1159 -1159
1161 -1161
1163 -1163
1165 -1165
1167 -1167
1169 -1169
1171 -1171
1173 -1173
1175 -1175
1177 -1177
1179 -1179
1181 -1181
1183 -1183
1185 -1185
1187 -1187
1189 -1189
1191 -1191
1193 -1193
1195 -1195
1197 -1197
1199 -1199
1201 -1201
1203 -1203
1205 -1205
1207 -1207
1209 -1209
1211 -1211
1213 -1213
1215 -1215
1217 -1217
1219 -1219
1221 -1221
1223 -1223
1225 -1225
1227 -1227
1229 -1229
1231 -1231
1233 -1233
1235 -1235
1237 -1237
1239 -1239
1241 -1241
1243 -1243
1245 -1245
1247 -1247
1249 -1249
1251 -1251
1253 -1253
1255 -1255
1257 -1257
1259 -1259
1261 -1261
1263 -1263
1265 -1265
1267 -1267
1269 -1269
1271 -1271
1273 -1273
1275 -1275
1277 -1277
1279 -1279
1281 -1281
1283 -1283
1285 -1285
1287 -1287
1289 -1289
1291 -1291
1293 -1293
1295 -1295
1297 -1297
1299 -1299
1301 -1301
1303 -1303
1305 -1305
1307 -1307
1309 -1309
1311 -1311
1313 -1313
1315 -1315
1317 -1317
1319 -1319
1321 -1321
1323 -1323
1325 -1325
1327 -1327
1329 -1329
1331 -1331
1333 -1333
1335 -1335
1337 -1337
1339 -1339
1341 -1341
1343 -1343
1345 -1345
1347 -1347
1349 -1349
1351 -1351
1353 -1353
1355 -1355
1357 -1357
1359 -1359
1361 -1361
1363 -1363
1365 -1365
1367 -1367
1369 -1369
1371 -1371
1373 -1373
1375 -1375
1377 -1377
1379 -1379
1381 -1381
1383 -1383
1385 -1385
1387 -1387
1389 -1389
1391 -1391
1393 -1393
1395 -1395
1397 -1397
1399 -1399
1401 -1401
1403 -1403
1405 -1405
1407 -1407
1409 -1409
1411 -1411
1413 -1413
1415 -1415
1417 -1417
1419 -1419
1421 -1421
1423 -1423
1425 -1425
1427 -1427
1429 -1429
1431 -1431
1433 -1433
1435 -1435
1437 -1437
1439 -1439
1441 -1441
1443 -1443
1445 -1445
1447 -1447
1449 -1449
1451 -1451
1453 -1453
1455 -1455
1457 -1457
1459 -1459
1461 -1461
1463 -1463
1465 -1465
1467 -1467
1469 -1469
1471 -1471
1473 -1473
1475 -1475
1477 -1477
1479 -1479
1481 -1481
1483 -1483
1485 -1485
1487 -1487
1489 -1489
1491 -1491
1493 -1493
1495 -1495
1497 -1497
1499 -1499
1501 -1501
1503 -1503
1505 -1505
1507 -1507
1509 -1509
1511 -1511
1513 -1513
1515 -1515
1517 -1517
1519 -1519
1521 -1521
1523 -1523
1525 -1525
1527 -1527
1529 -1529
1531 -1531
1533 -1533
1535 -1535
1537 -1537
1539 -1539
1541 -1541
1543 -1543
1545 -1545
1547 -1547
1549 -1549
1551 -1551
1553 -1553
1555 -1555
1557 -1557
1559 -1559
1561 -1561
1563 -1563
1565 -1565
1567 -1567
1569 -1569
1571 -1571
1573 -1573
1575 -1575
1577 -1577
1579 -1579
1581 -1581
1583 -1583
1585 -1585
1587 -1587
1589 -1589
1591 -1591
1593 -1593
1595 -1595
1597 -1597
1599 -1599
1601 -1601
1603 -1603
1605 -1605
1607 -1607
1609 -1609
1611 -1611
1613 -1613
1615 -1615
1617 -1617
1619 -1619
1621 -1621
1623 -1623
1625 -1625
1627 -1627
1629 -1629
1631 -1631
1633 -1633
1635 -1635
1637 -1637
1639 -1639
1641 -1641
1643 -1643
1645 -1645
1647 -1647
1649 -1649
1651 -1651
1653 -1653
1655 -1655
1657 -1657
1659 -1659
1661 -1661
1663 -1663
1665 -1665
1667 -1667
1669 -1669
1671 -1671
1673 -1673
1675 -1675
1677 -1677
1679 -1679
1681 -1681
1683 -1683
1685 -1685
1687 -1687
1689 -1689
1691 -1691
1693 -1693
1695 -1695
1697 -1697
1699 -1699
1701 -1701
1703 -1703
1705 -1705
1707 -1707
1709 -1709
1711 -1711
1713 -1713
1715 -1715
1717 -1717
1719 -1719
1721 -1721
1723 -1723
1725 -1725
1727 -1727
1729 -1729
1731 -1731
1733 -1733
1735 -1735
1737 -1737
1739 -1739
1741 -1741
1743 -1743
1745 -1745
1747 -1747
1749 -1749
1751 -1751
1753 -1753
1755 -1755
1757 -1757
1759 -1759
1761 -1761
1763 -1763
1765 -1765
1767 -1767
1769 -1769
1771 -1771
1773 -1773
1775 -1775
1777 -1777
1779 -1779
1781 -1781
1783 -1783
1785 -1785
1787 -1787
1789 -1789
1791 -1791
1793 -1793
1795 -1795
1797 -1797
1799 -1799
1801 -1801
1803 -1803
1805 -1805
1807 -1807
1809 -1809
1811 -1811
1813 -1813
1815 -1815
1817 -1817
1819 -1819
1821 -1821
1823 -1823
1825 -1825
1827 -1827
1829 -1829
1831 -1831
1833 -1833
1835 -1835
1837 -1837
1839 -1839
1841 -1841
1843 -1843
1845 -1845
1847 -1847
1849 -1849
1851 -1851
1853 -1853
1855 -1855
1857 -1857
1859 -1859
1861 -1861
1863 -1863
1865 -1865
1867 -1867
1869 -1869
1871 -1871
1873 -1873
1875 -1875
1877 -1877
1879 -1879
1881 -1881
1883 -1883
1885 -1885
1887 -1887
1889 -1889
1891 -1891
1893 -1893
1895 -1895
1897 -1897
1899 -1899
1901 -1901
1903 -1903
1905 -1905
1907 -1907
1909 -1909
1911 -1911
1913 -1913
1915 -1915
1917 -1917
1919 -1919
1921 -1921
1923 -1923
1925 -1925
1927 -1927
1929 -1929
1931 -1931
1933 -1933
1935 -1935
1937 -1937
1939 -1939
1941 -1941
1943 -1943
1945 -1945
1947 -1947
1949 -1949
1951 -1951
1953 -1953
1955 -1955
1957 -1957
1959 -1959
1961 -1961
1963 -1963
1965 -1965
1967 -1967
1969 -1969
1971 -1971
1973 -1973
1975 -1975
1977 -1977
1979 -1979
1981 -1981
1983 -1983
1985 -1985
1987 -1987
1989 -1989
1991 -1991
1993 -1993
1995 -1995
1997 -1997
1999 -1999

2 -1
6 -3
10 -5
14 -7
18 -9
22 -11
26 -13
30 -15
34 -17
38 -19
42 -21
46 -23
50 -25
54 -27
58 -29
62 -31
66 -33
70 -35
74 -37
78 -39
82 -41
86 -43
90 -45
94 -47
98 -49
102 -51
106 -53
110 -55
114 -57
118 -59
122 -61
126 -63
130 -65
134 -67
138 -69
142 -71
146 -73
150 -75
154 -77
158 -79
162 -81
166 -83
170 -85
174 -87
178 -89
182 -91
186 -93
190 -95
194 -97
198 -99
202 -101
206 -103
210 -105
214 -107
218 -109
222 -111
226 -113
230 -115
234 -117
238 -119
242 -121
246 -123
250 -125
254 -127
258 -129
262 -131
266 -133
270 -135
274 -137
278 -139
282 -141
286 -143
290 -145
294 -147
298 -149
302 -151
306 -153
310 -155
314 -157
318 -159
322 -161
326 -163
330 -165
334 -167
338 -169
342 -171
346 -173
350 -175
354 -177
358 -179
362 -181
366 -183
370 -185
374 -187
378 -189
382 -191
386 -193
390 -195
394 -197
398 -199
402 -201
406 -203
410 -205
414 -207
418 -209
422 -211
426 -213
430 -215
434 -217
438 -219
442 -221
446 -223
450 -225
454 -227
458 -229
462 -231
466 -233
470 -235
474 -237
478 -239
482 -241
486 -243
490 -245
494 -247
498 -249
502 -251
506 -253
510 -255
514 -257
518 -259
522 -261
526 -263
530 -265
534 -267
538 -269
542 -271
546 -273
550 -275
554 -277
558 -279
562 -281
566 -283
570 -285
574 -287
578 -289
582 -291
586 -293
590 -295
594 -297
598 -299
602 -301
606 -303
610 -305
614 -307
618 -309
622 -311
626 -313
630 -315
634 -317
638 -319
642 -321
646 -323
650 -325
654 -327
658 -329
662 -331
666 -333
670 -335
674 -337
678 -339
682 -341
686 -343
690 -345
694 -347
698 -349
702 -351
706 -353
710 -355
714 -357
718 -359
722 -361
726 -363
730 -365
734 -367
738 -369
742 -371
746 -373
750 -375
754 -377
758 -379
762 -381
766 -383
770 -385
774 -387
778 -389
782 -391
786 -393
790 -395
794 -397
798 -399
802 -401
806 -403
810 -405
814 -407
818 -409
822 -411
826 -413
830 -415
834 -417
838 -419
842 -421
846 -423
850 -425
854 -427
858 -429
862 -431
866 -433
870 -435
874 -437
878 -439
882 -441
886 -443
890 -445
894 -447
898 -449
902 -451
906 -453
910 -455
914 -457
918 -459
922 -461
926 -463
930 -465
934 -467
938 -469
942 -471
946 -473
950 -475
954 -477
958 -479
962 -481
966 -483
970 -485
974 -487
978 -489
982 -491
986 -493
990 -495
994 -497
998 -499
1002 -501
1006 -503
1010 -505
1014 -507
1018 -509
1022 -511
1026 -513
1030 -515
1034 -517
1038 -519
1042 -521
1046 -523
1050 -525
1054 -527
1058 -529
1062 -531
1066 -533
1070 -535
1074 -537
1078 -539
1082 -541
1086 -543
1090 -545
1094 -547
1098 -549
1102 -551
1106 -553
1110 -555
1114 -557
1118 -559
1122 -561
1126 -563
1130 -565
1134 -567
1138 -569
1142 -571
1146 -573
1150 -575
1154 -577
1158 -579
1162 -581
1166 -583
1170 -585
1174 -587
1178 -589
1182 -591
1186 -593
1190 -595
1194 -597
1198 -599
1202 -601
1206 -603
1210 -605
1214 -607
1218 -609
1222 -611
1226 -613
1230 -615
1234 -617
1238 -619
1242 -621
1246 -623
1250 -625
1254 -627
1258 -629
1262 -631
1266 -633
1270 -635
1274 -637
1278 -639
1282 -641
1286 -643
1290 -645
1294 -647
1298 -649
1302 -651
1306 -653
1310 -655
1314 -657
1318 -659
1322 -661
1326 -663
1330 -665
1334 -667
1338 -669
1342 -671
1346 -673
1350 -675
1354 -677
1358 -679
1362 -681
1366 -683
1370 -685
1374 -687
1378 -689
1382 -691
1386 -693
1390 -695
1394 -697
1398 -699
1402 -701
1406 -703
1410 -705
1414 -707
1418 -709
1422 -711
1426 -713
1430 -715
1434 -717
1438 -719
1442 -721
1446 -723
1450 -725
1454 -727
1458 -729
1462 -731
1466 -733
1470 -735
1474 -737
1478 -739
1482 -741
1486 -743
1490 -745
1494 -747
1498 -749
1502 -751
1506 -753
1510 -755
1514 -757
1518 -759
1522 -761
1526 -763
1530 -765
1534 -767
1538 -769
1542 -771
1546 -773
1550 -775
1554 -777
1558 -779
1562 -781
1566 -783
1570 -785
1574 -787
1578 -789
1582 -791
1586 -793
1590 -795
1594 -797
1598 -799
1602 -801
1606 -803
1610 -805
1614 -807
1618 -809
1622 -811
1626 -813
1630 -815
1634 -817
1638 -819
1642 -821
1646 -823
1650 -825
1654 -827
1658 -829
1662 -831
1666 -833
1670 -835
1674 -837
1678 -839
1682 -841
1686 -843
1690 -845
1694 -847
1698 -849
1702 -851
1706 -853
1710 -855
1714 -857
1718 -859
1722 -861
1726 -863
1730 -865
1734 -867
1738 -869
1742 -871
1746 -873
1750 -875
1754 -877
1758 -879
1762 -881
1766 -883
1770 -885
1774 -887
1778 -889
1782 -891
1786 -893
1790 -895
1794 -897
1798 -899
1802 -901
1806 -903
1810 -905
1814 -907
1818 -909
1822 -911
1826 -913
1830 -915
1834 -917
1838 -919
1842 -921
1846 -923
1850 -925
1854 -927
1858 -929
1862 -931
1866 -933
1870 -935
1874 -937
1878 -939
1882 -941
1886 -943
1890 -945
1894 -947
1898 -949
1902 -951
1906 -953
1910 -955
1914 -957
1918 -959
1922 -961
1926 -963
1930 -965
1934 -967
1938 -969
1942 -971
1946 -973
1950 -975
1954 -977
1958 -979
1962 -981
1966 -983
1970 -985
1974 -987
1978 -989
1982 -991
1986 -993
1990 -995
1994 -997
1998 -999
2002 -1001
2006 -1003
2010 -1005
2014 -1007
2018 -1009
2022 -1011
2026 -1013
2030 -1015
2034 -1017
2038 -1019
2042 -1021
2046 -1023
2050 -1025
2054 -1027
2058 -1029
2062 -1031
2066 -1033
2070 -1035
2074 -1037
2078 -1039
2082 -1041
2086 -1043
2090 -1045
2094 -1047
2098 -1049
2102 -1051
2106 -1053
2110 -1055
2114 -1057
2118 -1059
2122 -1061
2126 -1063
2130 -1065
2134 -1067
2138 -1069
2142 -1071
2146 -1073
2150 -1075
2154 -1077
2158 -1079
2162 -1081
2166 -1083
2170 -1085
2174 -1087
2178 -1089
2182 -1091
2186 -1093
2190 -1095
2194 -1097
2198 -1099
2202 -1101
2206 -1103
2210 -1105
2214 -1107
2218 -1109
2222 -1111
2226 -1113
2230 -1115
2234 -1117
2238 -1119
2242 -1121
2246 -1123
2250 -1125
2254 -1127
2258 -1129
2262 -1131
2266 -1133
2270 -1135
2274 -1137
2278 -1139
2282 -1141
2286 -1143
2290 -1145
2294 -1147
2298 -1149
2302 -1151
2306 -1153
2310 -1155
2314 -1157
2318 -1159
2322 -1161
2326 -1163
2330 -1165
2334 -1167
2338 -1169
2342 -1171
2346 -1173
2350 -1175
2354 -1177
2358 -1179
2362 -1181
2366 -1183
2370 -1185
2374 -1187
2378 -1189
2382 -1191
2386 -1193
2390 -1195
2394 -1197
2398 -1199
2402 -1201
2406 -1203
2410 -1205
2414 -1207
2418 -1209
2422 -1211
2426 -1213
2430 -1215
2434 -1217
2438 -1219
2442 -1221
2446 -1223
2450 -1225
2454 -1227
2458 -1229
2462 -1231
2466 -1233
2470 -1235
2474 -1237
2478 -1239
2482 -1241
2486 -1243
2490 -1245
2494 -1247
2498 -1249
2502 -1251
2506 -1253
2510 -1255
2514 -1257
2518 -1259
2522 -1261
2526 -1263
2530 -1265
2534 -1267
2538 -1269
2542 -1271
2546 -1273
2550 -1275
2554 -1277
2558 -1279
2562 -1281
2566 -1283
2570 -1285
2574 -1287
2578 -1289
2582 -1291
2586 -1293
2590 -1295
2594 -1297
2598 -1299
2602 -1301
2606 -1303
2610 -1305
2614 -1307
2618 -1309
2622 -1311
2626 -1313
2630 -1315
2634 -1317
2638 -1319
2642 -1321
2646 -1323
2650 -1325
2654 -1327
2658 -1329
2662 -1331
2666 -1333
2670 -1335
2674 -1337
2678 -1339
2682 -1341
2686 -1343
2690 -1345
2694 -1347
2698 -1349
2702 -1351
2706 -1353
2710 -1355
2714 -1357
2718 -1359
2722 -1361
2726 -1363
2730 -1365
2734 -1367
2738 -1369
2742 -1371
2746 -1373
2750 -1375
2754 -1377
2758 -1379
2762 -1381
2766 -1383
2770 -1385
2774 -1387
2778 -1389
2782 -1391
2786 -1393
2790 -1395
2794 -1397
2798 -1399
2802 -1401
2806 -1403
2810 -1405
2814 -1407
2818 -1409
2822 -1411
2826 -1413
2830 -1415
2834 -1417
2838 -1419
2842 -1421
2846 -1423
2850 -1425
2854 -1427
2858 -1429
2862 -1431
2866 -1433
2870 -1435
2874 -1437
2878 -1439
2882 -1441
2886 -1443
2890 -1445
2894 -1447
2898 -1449
2902 -1451
2906 -1453
2910 -1455
2914 -1457
2918 -1459
2922 -1461
2926 -1463
2930 -1465
2934 -1467
2938 -1469
2942 -1471
2946 -1473
2950 -1475
2954 -1477
2958 -1479
2962 -1481
2966 -1483
2970 -1485
2974 -1487
2978 -1489
2982 -1491
2986 -1493
2990 -1495
2994 -1497
2998 -1499
3002 -1501
3006 -1503
3010 -1505
3014 -1507
3018 -1509
3022 -1511
3026 -1513
3030 -1515
3034 -1517
3038 -1519
3042 -1521
3046 -1523
3050 -1525
3054 -1527
3058 -1529
3062 -1531
3066 -1533
3070 -1535
3074 -1537
3078 -1539
3082 -1541
3086 -1543
3090 -1545
3094 -1547
3098 -1549
3102 -1551
3106 -1553
3110 -1555
3114 -1557
3118 -1559
3122 -1561
3126 -1563
3130 -1565
3134 -1567
3138 -1569
3142 -1571
3146 -1573
3150 -1575
3154 -1577
3158 -1579
3162 -1581
3166 -1583
3170 -1585
3174 -1587
3178 -1589
3182 -1591
3186 -1593
3190 -1595
3194 -1597
3198 -1599
3202 -1601
3206 -1603
3210 -1605
3214 -1607
3218 -1609
3222 -1611
3226 -1613
3230 -1615
3234 -1617
3238 -1619
3242 -1621
3246 -1623
3250 -1625
3254 -1627
3258 -1629
3262 -1631
3266 -1633
3270 -1635
3274 -1637
3278 -1639
3282 -1641
3286 -1643
3290 -1645
3294 -1647
3298 -1649
3302 -1651
3306 -1653
3310 -1655
3314 -1657
3318 -1659
3322 -1661
3326 -1663
3330 -1665
3334 -1667
3338 -1669
3342 -1671
3346 -1673
3350 -1675
3354 -1677
3358 -1679
3362 -1681
3366 -1683
3370 -1685
3374 -1687
3378 -1689
3382 -1691
3386 -1693
3390 -1695
3394 -1697
3398 -1699
3402 -1701
3406 -1703
3410 -1705
3414 -1707
3418 -1709
3422 -1711
3426 -1713
3430 -1715
3434 -1717
3438 -1719
3442 -1721
3446 -1723
3450 -1725
3454 -1727
3458 -1729
3462 -1731
3466 -1733
3470 -1735
3474 -1737
3478 -1739
3482 -1741
3486 -1743
3490 -1745
3494 -1747
3498 -1749
3502 -1751
3506 -1753
3510 -1755
3514 -1757
3518 -1759
3522 -1761
3526 -1763
3530 -1765
3534 -1767
3538 -1769
3542 -1771
3546 -1773
3550 -1775
3554 -1777
3558 -1779
3562 -1781
3566 -1783
3570 -1785
3574 -1787
3578 -1789
3582 -1791
3586 -1793
3590 -1795
3594 -1797
3598 -1799
3602 -1801
3606 -1803
3610 -1805
3614 -1807
3618 -1809
3622 -1811
3626 -1813
3630 -1815
3634 -1817
3638 -1819
3642 -1821
3646 -1823
3650 -1825
3654 -1827
3658 -1829
3662 -1831
3666 -1833
3670 -1835
3674 -1837
3678 -1839
3682 -1841
3686 -1843
3690 -1845
3694 -1847
3698 -1849
3702 -1851
3706 -1853
3710 -1855
3714 -1857
3718 -1859
3722 -1861
3726 -1863
3730 -1865
3734 -1867
3738 -1869
3742 -1871
3746 -1873
3750 -1875
3754 -1877
3758 -1879
3762 -1881
3766 -1883
3770 -1885
3774 -1887
3778 -1889
3782 -1891
3786 -1893
3790 -1895
3794 -1897
3798 -1899
3802 -1901
3806 -1903
3810 -1905
3814 -1907
3818 -1909
3822 -1911
3826 -1913
3830 -1915
3834 -1917
3838 -1919
3842 -1921
3846 -1923
3850 -1925
3854 -1927
3858 -1929
3862 -1931
3866 -1933
3870 -1935
3874 -1937
3878 -1939
3882 -1941
3886 -1943
3890 -1945
3894 -1947
3898 -1949
3902 -1951
3906 -1953
3910 -1955
3914 -1957
3918 -1959
3922 -1961
3926 -1963
3930 -1965
3934 -1967
3938 -1969
3942 -1971
3946 -1973
3950 -1975
3954 -1977
3958 -1979
3962 -1981
3966 -1983
3970 -1985
3974 -1987
3978 -1989
3982 -1991
3986 -1993
3990 -1995
3994 -1997
3998 -1999

4 -1
12 -3
20 -5
28 -7
36 -9
44 -11
52 -13
60 -15
68 -17
76 -19
84 -21
92 -23
100 -25
108 -27
116 -29
124 -31
132 -33
140 -35
148 -37
156 -39
164 -41
172 -43
180 -45
188 -47
196 -49
204 -51
212 -53
220 -55
228 -57
236 -59
244 -61
252 -63
260 -65
268 -67
276 -69
284 -71
292 -73
300 -75
308 -77
316 -79
324 -81
332 -83
340 -85
348 -87
356 -89
364 -91
372 -93
380 -95
388 -97
396 -99
404 -101
412 -103
420 -105
428 -107
436 -109
444 -111
452 -113
460 -115
468 -117
476 -119
484 -121
492 -123
500 -125
508 -127
516 -129
524 -131
532 -133
540 -135
548 -137
556 -139
564 -141
572 -143
580 -145
588 -147
596 -149
604 -151
612 -153
620 -155
628 -157
636 -159
644 -161
652 -163
660 -165
668 -167
676 -169
684 -171
692 -173
700 -175
708 -177
716 -179
724 -181
732 -183
740 -185
748 -187
756 -189
764 -191
772 -193
780 -195
788 -197
796 -199
804 -201
812 -203
820 -205
828 -207
836 -209
844 -211
852 -213
860 -215
868 -217
876 -219
884 -221
892 -223
900 -225
908 -227
916 -229
924 -231
932 -233
940 -235
948 -237
956 -239
964 -241
972 -243
980 -245
988 -247
996 -249
1004 -251
1012 -253
1020 -255
1028 -257
1036 -259
1044 -261
1052 -263
1060 -265
1068 -267
1076 -269
1084 -271
1092 -273
1100 -275
1108 -277
1116 -279
1124 -281
1132 -283
1140 -285
1148 -287
1156 -289
1164 -291
1172 -293
1180 -295
1188 -297
1196 -299
1204 -301
1212 -303
1220 -305
1228 -307
1236 -309
1244 -311
1252 -313
1260 -315
1268 -317
1276 -319
1284 -321
1292 -323
1300 -325
1308 -327
1316 -329
1324 -331
1332 -333
1340 -335
1348 -337
1356 -339
1364 -341
1372 -343
1380 -345
1388 -347
1396 -349
1404 -351
1412 -353
1420 -355
1428 -357
1436 -359
1444 -361
1452 -363
1460 -365
1468 -367
1476 -369
1484 -371
1492 -373
1500 -375
1508 -377
1516 -379
1524 -381
1532 -383
1540 -385
1548 -387
1556 -389
1564 -391
1572 -393
1580 -395
1588 -397
1596 -399
1604 -401
1612 -403
1620 -405
1628 -407
1636 -409
1644 -411
1652 -413
1660 -415
1668 -417
1676 -419
1684 -421
1692 -423
1700 -425
1708 -427
1716 -429
1724 -431
1732 -433
1740 -435
1748 -437
1756 -439
1764 -441
1772 -443
1780 -445
1788 -447
1796 -449
1804 -451
1812 -453
1820 -455
1828 -457
1836 -459
1844 -461
1852 -463
1860 -465
1868 -467
1876 -469
1884 -471
1892 -473
1900 -475
1908 -477
1916 -479
1924 -481
1932 -483
1940 -485
1948 -487
1956 -489
1964 -491
1972 -493
1980 -495
1988 -497
1996 -499
2004 -501
2012 -503
2020 -505
2028 -507
2036 -509
2044 -511
2052 -513
2060 -515
2068 -517
2076 -519
2084 -521
2092 -523
2100 -525
2108 -527
2116 -529
2124 -531
2132 -533
2140 -535
2148 -537
2156 -539
2164 -541
2172 -543
2180 -545
2188 -547
2196 -549
2204 -551
2212 -553
2220 -555
2228 -557
2236 -559
2244 -561
2252 -563
2260 -565
2268 -567
2276 -569
2284 -571
2292 -573
2300 -575
2308 -577
2316 -579
2324 -581
2332 -583
2340 -585
2348 -587
2356 -589
2364 -591
2372 -593
2380 -595
2388 -597
2396 -599
2404 -601
2412 -603
2420 -605
2428 -607
2436 -609
2444 -611
2452 -613
2460 -615
2468 -617
2476 -619
2484 -621
2492 -623
2500 -625
2508 -627
2516 -629
2524 -631
2532 -633
2540 -635
2548 -637
2556 -639
2564 -641
2572 -643
2580 -645
2588 -647
2596 -649
2604 -651
2612 -653
2620 -655
2628 -657
2636 -659
2644 -661
2652 -663
2660 -665
2668 -667
2676 -669
2684 -671
2692 -673
2700 -675
2708 -677
2716 -679
2724 -681
2732 -683
2740 -685
2748 -687
2756 -689
2764 -691
2772 -693
2780 -695
2788 -697
2796 -699
2804 -701
2812 -703
2820 -705
2828 -707
2836 -709
2844 -711
2852 -713
2860 -715
2868 -717
2876 -719
2884 -721
2892 -723
2900 -725
2908 -727
2916 -729
2924 -731
2932 -733
2940 -735
2948 -737
2956 -739
2964 -741
2972 -743
2980 -745
2988 -747
2996 -749
3004 -751
3012 -753
3020 -755
3028 -757
3036 -759
3044 -761
3052 -763
3060 -765
3068 -767
3076 -769
3084 -771
3092 -773
3100 -775
3108 -777
3116 -779
3124 -781
3132 -783
3140 -785
3148 -787
3156 -789
3164 -791
3172 -793
3180 -795
3188 -797
3196 -799
3204 -801
3212 -803
3220 -805
3228 -807
3236 -809
3244 -811
3252 -813
3260 -815
3268 -817
3276 -819
3284 -821
3292 -823
3300 -825
3308 -827
3316 -829
3324 -831
3332 -833
3340 -835
3348 -837
3356 -839
3364 -841
3372 -843
3380 -845
3388 -847
3396 -849
3404 -851
3412 -853
3420 -855
3428 -857
3436 -859
3444 -861
3452 -863
3460 -865
3468 -867
3476 -869
3484 -871
3492 -873
3500 -875
3508 -877
3516 -879
3524 -881
3532 -883
3540 -885
3548 -887
3556 -889
3564 -891
3572 -893
3580 -895
3588 -897
3596 -899
3604 -901
3612 -903
3620 -905
3628 -907
3636 -909
3644 -911
3652 -913
3660 -915
3668 -917
3676 -919
3684 -921
3692 -923
3700 -925
3708 -927
3716 -929
3724 -931
3732 -933
3740 -935
3748 -937
3756 -939
3764 -941
3772 -943
3780 -945
3788 -947
3796 -949
3804 -951
3812 -953
3820 -955
3828 -957
3836 -959
3844 -961
3852 -963
3860 -965
3868 -967
3876 -969
3884 -971
3892 -973
3900 -975
3908 -977
3916 -979
3924 -981
3932 -983
3940 -985
3948 -987
3956 -989
3964 -991
3972 -993
3980 -995
3988 -997
3996 -999
4004 -1001
4012 -1003
4020 -1005
4028 -1007
4036 -1009
4044 -1011
4052 -1013
4060 -1015
4068 -1017
4076 -1019
4084 -1021
4092 -1023
4100 -1025
4108 -1027
4116 -1029
4124 -1031
4132 -1033
4140 -1035
4148 -1037
4156 -1039
4164 -1041
4172 -1043
4180 -1045
4188 -1047
4196 -1049
4204 -1051
4212 -1053
4220 -1055
4228 -1057
4236 -1059
4244 -1061
4252 -1063
4260 -1065
4268 -1067
4276 -1069
4284 -1071
4292 -1073
4300 -1075
4308 -1077
4316 -1079
4324 -1081
4332 -1083
4340 -1085
4348 -1087
4356 -1089
4364 -1091
4372 -1093
4380 -1095
4388 -1097
4396 -1099
4404 -1101
4412 -1103
4420 -1105
4428 -1107
4436 -1109
4444 -1111
4452 -1113
4460 -1115
4468 -1117
4476 -1119
4484 -1121
4492 -1123
4500 -1125
4508 -1127
4516 -1129
4524 -1131
4532 -1133
4540 -1135
4548 -1137
4556 -1139
4564 -1141
4572 -1143
4580 -1145
4588 -1147
4596 -1149
4604 -1151
4612 -1153
4620 -1155
4628 -1157
4636 -1159
4644 -1161
4652 -1163
4660 -1165
4668 -1167
4676 -1169
4684 -1171
4692 -1173
4700 -1175
4708 -1177
4716 -1179
4724 -1181
4732 -1183
4740 -1185
4748 -1187
4756 -1189
4764 -1191
4772 -1193
4780 -1195
4788 -1197
4796 -1199
4804 -1201
4812 -1203
4820 -1205
4828 -1207
4836 -1209
4844 -1211
4852 -1213
4860 -1215
4868 -1217
4876 -1219
4884 -1221
4892 -1223
4900 -1225
4908 -1227
4916 -1229
4924 -1231
4932 -1233
4940 -1235
4948 -1237
4956 -1239
4964 -1241
4972 -1243
4980 -1245
4988 -1247
4996 -1249
5004 -1251
5012 -1253
5020 -1255
5028 -1257
5036 -1259
5044 -1261
5052 -1263
5060 -1265
5068 -1267
5076 -1269
5084 -1271
5092 -1273
5100 -1275
5108 -1277
5116 -1279
5124 -1281
5132 -1283
5140 -1285
5148 -1287
5156 -1289
5164 -1291
5172 -1293
5180 -1295
5188 -1297
5196 -1299
5204 -1301
5212 -1303
5220 -1305
5228 -1307
5236 -1309
5244 -1311
5252 -1313
5260 -1315
5268 -1317
5276 -1319
5284 -1321
5292 -1323
5300 -1325
5308 -1327
5316 -1329
5324 -1331
5332 -1333
5340 -1335
5348 -1337
5356 -1339
5364 -1341
5372 -1343
5380 -1345
5388 -1347
5396 -1349
5404 -1351
5412 -1353
5420 -1355
5428 -1357
5436 -1359
5444 -1361
5452 -1363
5460 -1365
5468 -1367
5476 -1369
5484 -1371
5492 -1373
5500 -1375
5508 -1377
5516 -1379
5524 -1381
5532 -1383
5540 -1385
5548 -1387
5556 -1389
5564 -1391
5572 -1393
5580 -1395
5588 -1397
5596 -1399
5604 -1401
5612 -1403
5620 -1405
5628 -1407
5636 -1409
5644 -1411
5652 -1413
5660 -1415
5668 -1417
5676 -1419
5684 -1421
5692 -1423
5700 -1425
5708 -1427
5716 -1429
5724 -1431
5732 -1433
5740 -1435
5748 -1437
5756 -1439
5764 -1441
5772 -1443
5780 -1445
5788 -1447
5796 -1449
5804 -1451
5812 -1453
5820 -1455
5828 -1457
5836 -1459
5844 -1461
5852 -1463
5860 -1465
5868 -1467
5876 -1469
5884 -1471
5892 -1473
5900 -1475
5908 -1477
5916 -1479
5924 -1481
5932 -1483
5940 -1485
5948 -1487
5956 -1489
5964 -1491
5972 -1493
5980 -1495
5988 -1497
5996 -1499
6004 -1501
6012 -1503
6020 -1505
6028 -1507
6036 -1509
6044 -1511
6052 -1513
6060 -1515
6068 -1517
6076 -1519
6084 -1521
6092 -1523
6100 -1525
6108 -1527
6116 -1529
6124 -1531
6132 -1533
6140 -1535
6148 -1537
6156 -1539
6164 -1541
6172 -1543
6180 -1545
6188 -1547
6196 -1549
6204 -1551
6212 -1553
6220 -1555
6228 -1557
6236 -1559
6244 -1561
6252 -1563
6260 -1565
6268 -1567
6276 -1569
6284 -1571
6292 -1573
6300 -1575
6308 -1577
6316 -1579
6324 -1581
6332 -1583
6340 -1585
6348 -1587
6356 -1589
6364 -1591
6372 -1593
6380 -1595
6388 -1597
6396 -1599
6404 -1601
6412 -1603
6420 -1605
6428 -1607
6436 -1609
6444 -1611
6452 -1613
6460 -1615
6468 -1617
6476 -1619
6484 -1621
6492 -1623
6500 -1625
6508 -1627
6516 -1629
6524 -1631
6532 -1633
6540 -1635
6548 -1637
6556 -1639
6564 -1641
6572 -1643
6580 -1645
6588 -1647
6596 -1649
6604 -1651
6612 -1653
6620 -1655
6628 -1657
6636 -1659
6644 -1661
6652 -1663
6660 -1665
6668 -1667
6676 -1669
6684 -1671
6692 -1673
6700 -1675
6708 -1677
6716 -1679
6724 -1681
6732 -1683
6740 -1685
6748 -1687
6756 -1689
6764 -1691
6772 -1693
6780 -1695
6788 -1697
6796 -1699
6804 -1701
6812 -1703
6820 -1705
6828 -1707
6836 -1709
6844 -1711
6852 -1713
6860 -1715
6868 -1717
6876 -1719
6884 -1721
6892 -1723
6900 -1725
6908 -1727
6916 -1729
6924 -1731
6932 -1733
6940 -1735
6948 -1737
6956 -1739
6964 -1741
6972 -1743
6980 -1745
6988 -1747
6996 -1749
7004 -1751
7012 -1753
7020 -1755
7028 -1757
7036 -1759
7044 -1761
7052 -1763
7060 -1765
7068 -1767
7076 -1769
7084 -1771
7092 -1773
7100 -1775
7108 -1777
7116 -1779
7124 -1781
7132 -1783
7140 -1785
7148 -1787
7156 -1789
7164 -1791
7172 -1793
7180 -1795
7188 -1797
7196 -1799
7204 -1801
7212 -1803
7220 -1805
7228 -1807
7236 -1809
7244 -1811
7252 -1813
7260 -1815
7268 -1817
7276 -1819
7284 -1821
7292 -1823
7300 -1825
7308 -1827
7316 -1829
7324 -1831
7332 -1833
7340 -1835
7348 -1837
7356 -1839
7364 -1841
7372 -1843
7380 -1845
7388 -1847
7396 -1849
7404 -1851
7412 -1853
7420 -1855
7428 -1857
7436 -1859
7444 -1861
7452 -1863
7460 -1865
7468 -1867
7476 -1869
7484 -1871
7492 -1873
7500 -1875
7508 -1877
7516 -1879
7524 -1881
7532 -1883
7540 -1885
7548 -1887
7556 -1889
7564 -1891
7572 -1893
7580 -1895
7588 -1897
7596 -1899
7604 -1901
7612 -1903
7620 -1905
7628 -1907
7636 -1909
7644 -1911
7652 -1913
7660 -1915
7668 -1917
7676 -1919
7684 -1921
7692 -1923
7700 -1925
7708 -1927
7716 -1929
7724 -1931
7732 -1933
7740 -1935
7748 -1937
7756 -1939
7764 -1941
7772 -1943
7780 -1945
7788 -1947
7796 -1949
7804 -1951
7812 -1953
7820 -1955
7828 -1957
7836 -1959
7844 -1961
7852 -1963
7860 -1965
7868 -1967
7876 -1969
7884 -1971
7892 -1973
7900 -1975
7908 -1977
7916 -1979
7924 -1981
7932 -1983
7940 -1985
7948 -1987
7956 -1989
7964 -1991
7972 -1993
7980 -1995
7988 -1997
7996 -1999

8 -1
24 -3
40 -5
56 -7
72 -9
88 -11
104 -13
120 -15
136 -17
152 -19
168 -21
184 -23
200 -25
216 -27
232 -29
248 -31
264 -33
280 -35
296 -37
312 -39
328 -41
344 -43
360 -45
376 -47
392 -49
408 -51
424 -53
440 -55
456 -57
472 -59
488 -61
504 -63
520 -65
536 -67
552 -69
568 -71
584 -73
600 -75
616 -77
632 -79
648 -81
664 -83
680 -85
696 -87
712 -89
728 -91
744 -93
760 -95
776 -97
792 -99
808 -101
824 -103
840 -105
856 -107
872 -109
888 -111
904 -113
920 -115
936 -117
952 -119
968 -121
984 -123
1000 -125
1016 -127
1032 -129
1048 -131
1064 -133
1080 -135
1096 -137
1112 -139
1128 -141
1144 -143
1160 -145
1176 -147
1192 -149
1208 -151
1224 -153
1240 -155
1256 -157
1272 -159
1288 -161
1304 -163
1320 -165
1336 -167
1352 -169
1368 -171
1384 -173
1400 -175
1416 -177
1432 -179
1448 -181
1464 -183
1480 -185
1496 -187
1512 -189
1528 -191
1544 -193
1560 -195
1576 -197
1592 -199
1608 -201
1624 -203
1640 -205
1656 -207
1672 -209
1688 -211
1704 -213
1720 -215
1736 -217
1752 -219
1768 -221
1784 -223
1800 -225
1816 -227
1832 -229
1848 -231
1864 -233
1880 -235
1896 -237
1912 -239
1928 -241
1944 -243
1960 -245
1976 -247
1992 -249
2008 -251
2024 -253
2040 -255
2056 -257
2072 -259
2088 -261
2104 -263
2120 -265
2136 -267
2152 -269
2168 -271
2184 -273
2200 -275
2216 -277
2232 -279
2248 -281
2264 -283
2280 -285
2296 -287
2312 -289
2328 -291
2344 -293
2360 -295
2376 -297
2392 -299
2408 -301
2424 -303
2440 -305
2456 -307
2472 -309
2488 -311
2504 -313
2520 -315
2536 -317
2552 -319
2568 -321
2584 -323
2600 -325
2616 -327
2632 -329
2648 -331
2664 -333
2680 -335
2696 -337
2712 -339
2728 -341
2744 -343
2760 -345
2776 -347
2792 -349
2808 -351
2824 -353
2840 -355
2856 -357
2872 -359
2888 -361
2904 -363
2920 -365
2936 -367
2952 -369
2968 -371
2984 -373
3000 -375
3016 -377
3032 -379
3048 -381
3064 -383
3080 -385
3096 -387
3112 -389
3128 -391
3144 -393
3160 -395
3176 -397
3192 -399
3208 -401
3224 -403
3240 -405
3256 -407
3272 -409
3288 -411
3304 -413
3320 -415
3336 -417
3352 -419
3368 -421
3384 -423
3400 -425
3416 -427
3432 -429
3448 -431
3464 -433
3480 -435
3496 -437
3512 -439
3528 -441
3544 -443
3560 -445
3576 -447
3592 -449
3608 -451
3624 -453
3640 -455
3656 -457
3672 -459
3688 -461
3704 -463
3720 -465
3736 -467
3752 -469
3768 -471
3784 -473
3800 -475
3816 -477
3832 -479
3848 -481
3864 -483
3880 -485
3896 -487
3912 -489
3928 -491
3944 -493
3960 -495
3976 -497
3992 -499
4008 -501
4024 -503
4040 -505
4056 -507
4072 -509
4088 -511
4104 -513
4120 -515
4136 -517
4152 -519
4168 -521
4184 -523
4200 -525
4216 -527
4232 -529
4248 -531
4264 -533
4280 -535
4296 -537
4312 -539
4328 -541
4344 -543
4360 -545
4376 -547
4392 -549
4408 -551
4424 -553
4440 -555
4456 -557
4472 -559
4488 -561
4504 -563
4520 -565
4536 -567
4552 -569
4568 -571
4584 -573
4600 -575
4616 -577
4632 -579
4648 -581
4664 -583
4680 -585
4696 -587
4712 -589
4728 -591
4744 -593
4760 -595
4776 -597
4792 -599
4808 -601
4824 -603
4840 -605
4856 -607
4872 -609
4888 -611
4904 -613
4920 -615
4936 -617
4952 -619
4968 -621
4984 -623
5000 -625
5016 -627
5032 -629
5048 -631
5064 -633
5080 -635
5096 -637
5112 -639
5128 -641
5144 -643
5160 -645
5176 -647
5192 -649
5208 -651
5224 -653
5240 -655
5256 -657
5272 -659
5288 -661
5304 -663
5320 -665
5336 -667
5352 -669
5368 -671
5384 -673
5400 -675
5416 -677
5432 -679
5448 -681
5464 -683
5480 -685
5496 -687
5512 -689
5528 -691
5544 -693
5560 -695
5576 -697
5592 -699
5608 -701
5624 -703
5640 -705
5656 -707
5672 -709
5688 -711
5704 -713
5720 -715
5736 -717
5752 -719
5768 -721
5784 -723
5800 -725
5816 -727
5832 -729
5848 -731
5864 -733
5880 -735
5896 -737
5912 -739
5928 -741
5944 -743
5960 -745
5976 -747
5992 -749
6008 -751
6024 -753
6040 -755
6056 -757
6072 -759
6088 -761
6104 -763
6120 -765
6136 -767
6152 -769
6168 -771
6184 -773
6200 -775
6216 -777
6232 -779
6248 -781
6264 -783
6280 -785
6296 -787
6312 -789
6328 -791
6344 -793
6360 -795
6376 -797
6392 -799
6408 -801
6424 -803
6440 -805
6456 -807
6472 -809
6488 -811
6504 -813
6520 -815
6536 -817
6552 -819
6568 -821
6584 -823
6600 -825
6616 -827
6632 -829
6648 -831
6664 -833
6680 -835
6696 -837
6712 -839
6728 -841
6744 -843
6760 -845
6776 -847
6792 -849
6808 -851
6824 -853
6840 -855
6856 -857
6872 -859
6888 -861
6904 -863
6920 -865
6936 -867
6952 -869
6968 -871
6984 -873
7000 -875
7016 -877
7032 -879
7048 -881
7064 -883
7080 -885
7096 -887
7112 -889
7128 -891
7144 -893
7160 -895
7176 -897
7192 -899
7208 -901
7224 -903
7240 -905
7256 -907
7272 -909
7288 -911
7304 -913
7320 -915
7336 -917
7352 -919
7368 -921
7384 -923
7400 -925
7416 -927
7432 -929
7448 -931
7464 -933
7480 -935
7496 -937
7512 -939
7528 -941
7544 -943
7560 -945
7576 -947
7592 -949
7608 -951
7624 -953
7640 -955
7656 -957
7672 -959
7688 -961
7704 -963
7720 -965
7736 -967
7752 -969
7768 -971
7784 -973
7800 -975
7816 -977
7832 -979
7848 -981
7864 -983
7880 -985
7896 -987
7912 -989
7928 -991
7944 -993
7960 -995
7976 -997
7992 -999
8008 -1001
8024 -1003
8040 -1005
8056 -1007
8072 -1009
8088 -1011
8104 -1013
8120 -1015
8136 -1017
8152 -1019
8168 -1021
8184 -1023
8200 -1025
8216 -1027
8232 -1029
8248 -1031
8264 -1033
8280 -1035
8296 -1037
8312 -1039
8328 -1041
8344 -1043
8360 -1045
8376 -1047
8392 -1049
8408 -1051
8424 -1053
8440 -1055
8456 -1057
8472 -1059
8488 -1061
8504 -1063
8520 -1065
8536 -1067
8552 -1069
8568 -1071
8584 -1073
8600 -1075
8616 -1077
8632 -1079
8648 -1081
8664 -1083
8680 -1085
8696 -1087
8712 -1089
8728 -1091
8744 -1093
8760 -1095
8776 -1097
8792 -1099
8808 -1101
8824 -1103
8840 -1105
8856 -1107
8872 -1109
8888 -1111
8904 -1113
8920 -1115
8936 -1117
8952 -1119
8968 -1121
8984 -1123
9000 -1125
9016 -1127
9032 -1129
9048 -1131
9064 -1133
9080 -1135
9096 -1137
9112 -1139
9128 -1141
9144 -1143
9160 -1145
9176 -1147
9192 -1149
9208 -1151
9224 -1153
9240 -1155
9256 -1157
9272 -1159
9288 -1161
9304 -1163
9320 -1165
9336 -1167
9352 -1169
9368 -1171
9384 -1173
9400 -1175
9416 -1177
9432 -1179
9448 -1181
9464 -1183
9480 -1185
9496 -1187
9512 -1189
9528 -1191
9544 -1193
9560 -1195
9576 -1197
9592 -1199
9608 -1201
9624 -1203
9640 -1205
9656 -1207
9672 -1209
9688 -1211
9704 -1213
9720 -1215
9736 -1217
9752 -1219
9768 -1221
9784 -1223
9800 -1225
9816 -1227
9832 -1229
9848 -1231
9864 -1233
9880 -1235
9896 -1237
9912 -1239
9928 -1241
9944 -1243
9960 -1245
9976 -1247
9992 -1249
10008 -1251
10024 -1253
10040 -1255
10056 -1257
10072 -1259
10088 -1261
10104 -1263
10120 -1265
10136 -1267
10152 -1269
10168 -1271
10184 -1273
10200 -1275
10216 -1277
10232 -1279
10248 -1281
10264 -1283
10280 -1285
10296 -1287
10312 -1289
10328 -1291
10344 -1293
10360 -1295
10376 -1297
10392 -1299
10408 -1301
10424 -1303
10440 -1305
10456 -1307
10472 -1309
10488 -1311
10504 -1313
10520 -1315
10536 -1317
10552 -1319
10568 -1321
10584 -1323
10600 -1325
10616 -1327
10632 -1329
10648 -1331
10664 -1333
10680 -1335
10696 -1337
10712 -1339
10728 -1341
10744 -1343
10760 -1345
10776 -1347
10792 -1349
10808 -1351
10824 -1353
10840 -1355
10856 -1357
10872 -1359
10888 -1361
10904 -1363
10920 -1365
10936 -1367
10952 -1369
10968 -1371
10984 -1373
11000 -1375
11016 -1377
11032 -1379
11048 -1381
11064 -1383
11080 -1385
11096 -1387
11112 -1389
11128 -1391
11144 -1393
11160 -1395
11176 -1397
11192 -1399
11208 -1401
11224 -1403
11240 -1405
11256 -1407
11272 -1409
11288 -1411
11304 -1413
11320 -1415
11336 -1417
11352 -1419
11368 -1421
11384 -1423
11400 -1425
11416 -1427
11432 -1429
11448 -1431
11464 -1433
11480 -1435
11496 -1437
11512 -1439
11528 -1441
11544 -1443
11560 -1445
11576 -1447
11592 -1449
11608 -1451
11624 -1453
11640 -1455
11656 -1457
11672 -1459
11688 -1461
11704 -1463
11720 -1465
11736 -1467
11752 -1469
11768 -1471
11784 -1473
11800 -1475
11816 -1477
11832 -1479
11848 -1481
11864 -1483
11880 -1485
11896 -1487
11912 -1489
11928 -1491
11944 -1493
11960 -1495
11976 -1497
11992 -1499
12008 -1501
12024 -1503
12040 -1505
12056 -1507
12072 -1509
12088 -1511
12104 -1513
12120 -1515
12136 -1517
12152 -1519
12168 -1521
12184 -1523
12200 -1525
12216 -1527
12232 -1529
12248 -1531
12264 -1533
12280 -1535
12296 -1537
12312 -1539
12328 -1541
12344 -1543
12360 -1545
12376 -1547
12392 -1549
12408 -1551
12424 -1553
12440 -1555
12456 -1557
12472 -1559
12488 -1561
12504 -1563
12520 -1565
12536 -1567
12552 -1569
12568 -1571
12584 -1573
12600 -1575
12616 -1577
12632 -1579
12648 -1581
12664 -1583
12680 -1585
12696 -1587
12712 -1589
12728 -1591
12744 -1593
12760 -1595
12776 -1597
12792 -1599
12808 -1601
12824 -1603
12840 -1605
12856 -1607
12872 -1609
12888 -1611
12904 -1613
12920 -1615
12936 -1617
12952 -1619
12968 -1621
12984 -1623
13000 -1625
13016 -1627
13032 -1629
13048 -1631
13064 -1633
13080 -1635
13096 -1637
13112 -1639
13128 -1641
13144 -1643
13160 -1645
13176 -1647
13192 -1649
13208 -1651
13224 -1653
13240 -1655
13256 -1657
13272 -1659
13288 -1661
13304 -1663
13320 -1665
13336 -1667
13352 -1669
13368 -1671
13384 -1673
13400 -1675
13416 -1677
13432 -1679
13448 -1681
13464 -1683
13480 -1685
13496 -1687
13512 -1689
13528 -1691
13544 -1693
13560 -1695
13576 -1697
13592 -1699
13608 -1701
13624 -1703
13640 -1705
13656 -1707
13672 -1709
13688 -1711
13704 -1713
13720 -1715
13736 -1717
13752 -1719
13768 -1721
13784 -1723
13800 -1725
13816 -1727
13832 -1729
13848 -1731
13864 -1733
13880 -1735
13896 -1737
13912 -1739
13928 -1741
13944 -1743
13960 -1745
13976 -1747
13992 -1749
14008 -1751
14024 -1753
14040 -1755
14056 -1757
14072 -1759
14088 -1761
14104 -1763
14120 -1765
14136 -1767
14152 -1769
14168 -1771
14184 -1773
14200 -1775
14216 -1777
14232 -1779
14248 -1781
14264 -1783
14280 -1785
14296 -1787
14312 -1789
14328 -1791
14344 -1793
14360 -1795
14376 -1797
14392 -1799
14408 -1801
14424 -1803
14440 -1805
14456 -1807
14472 -1809
14488 -1811
14504 -1813
14520 -1815
14536 -1817
14552 -1819
14568 -1821
14584 -1823
14600 -1825
14616 -1827
14632 -1829
14648 -1831
14664 -1833
14680 -1835
14696 -1837
14712 -1839
14728 -1841
14744 -1843
14760 -1845
14776 -1847
14792 -1849
14808 -1851
14824 -1853
14840 -1855
14856 -1857
14872 -1859
14888 -1861
14904 -1863
14920 -1865
14936 -1867
14952 -1869
14968 -1871
14984 -1873
15000 -1875
15016 -1877
15032 -1879
15048 -1881
15064 -1883
15080 -1885
15096 -1887
15112 -1889
15128 -1891
15144 -1893
15160 -1895
15176 -1897
15192 -1899
15208 -1901
15224 -1903
15240 -1905
15256 -1907
15272 -1909
15288 -1911
15304 -1913
15320 -1915
15336 -1917
15352 -1919
15368 -1921
15384 -1923
15400 -1925
15416 -1927
15432 -1929
15448 -1931
15464 -1933
15480 -1935
15496 -1937
15512 -1939
15528 -1941
15544 -1943
15560 -1945
15576 -1947
15592 -1949
15608 -1951
15624 -1953
15640 -1955
15656 -1957
15672 -1959
15688 -1961
15704 -1963
15720 -1965
15736 -1967
15752 -1969
15768 -1971
15784 -1973
15800 -1975
15816 -1977
15832 -1979
15848 -1981
15864 -1983
15880 -1985
15896 -1987
15912 -1989
15928 -1991
15944 -1993
15960 -1995
15976 -1997
15992 -1999

16 -1
48 -3
80 -5
112 -7
144 -9
176 -11
208 -13
240 -15
272 -17
304 -19
336 -21
368 -23
400 -25
432 -27
464 -29
496 -31
528 -33
560 -35
592 -37
624 -39
656 -41
688 -43
720 -45
752 -47
784 -49
816 -51
848 -53
880 -55
912 -57
944 -59
976 -61
1008 -63
1040 -65
1072 -67
1104 -69
1136 -71
1168 -73
1200 -75
1232 -77
1264 -79
1296 -81
1328 -83
1360 -85
1392 -87
1424 -89
1456 -91
1488 -93
1520 -95
1552 -97
1584 -99
1616 -101
1648 -103
1680 -105
1712 -107
1744 -109
1776 -111
1808 -113
1840 -115
1872 -117
1904 -119
1936 -121
1968 -123
2000 -125
2032 -127
2064 -129
2096 -131
2128 -133
2160 -135
2192 -137
2224 -139
2256 -141
2288 -143
2320 -145
2352 -147
2384 -149
2416 -151
2448 -153
2480 -155
2512 -157
2544 -159
2576 -161
2608 -163
2640 -165
2672 -167
2704 -169
2736 -171
2768 -173
2800 -175
2832 -177
2864 -179
2896 -181
2928 -183
2960 -185
2992 -187
3024 -189
3056 -191
3088 -193
3120 -195
3152 -197
3184 -199
3216 -201
3248 -203
3280 -205
3312 -207
3344 -209
3376 -211
3408 -213
3440 -215
3472 -217
3504 -219
3536 -221
3568 -223
3600 -225
3632 -227
3664 -229
3696 -231
3728 -233
3760 -235
3792 -237
3824 -239
3856 -241
3888 -243
3920 -245
3952 -247
3984 -249
4016 -251
4048 -253
4080 -255
4112 -257
4144 -259
4176 -261
4208 -263
4240 -265
4272 -267
4304 -269
4336 -271
4368 -273
4400 -275
4432 -277
4464 -279
4496 -281
4528 -283
4560 -285
4592 -287
4624 -289
4656 -291
4688 -293
4720 -295
4752 -297
4784 -299
4816 -301
4848 -303
4880 -305
4912 -307
4944 -309
4976 -311
5008 -313
5040 -315
5072 -317
5104 -319
5136 -321
5168 -323
5200 -325
5232 -327
5264 -329
5296 -331
5328 -333
5360 -335
5392 -337
5424 -339
5456 -341
5488 -343
5520 -345
5552 -347
5584 -349
5616 -351
5648 -353
5680 -355
5712 -357
5744 -359
5776 -361
5808 -363
5840 -365
5872 -367
5904 -369
5936 -371
5968 -373
6000 -375
6032 -377
6064 -379
6096 -381
6128 -383
6160 -385
6192 -387
6224 -389
6256 -391
6288 -393
6320 -395
6352 -397
6384 -399
6416 -401
6448 -403
6480 -405
6512 -407
6544 -409
6576 -411
6608 -413
6640 -415
6672 -417
6704 -419
6736 -421
6768 -423
6800 -425
6832 -427
6864 -429
6896 -431
6928 -433
6960 -435
6992 -437
7024 -439
7056 -441
7088 -443
7120 -445
7152 -447
7184 -449
7216 -451
7248 -453
7280 -455
7312 -457
7344 -459
7376 -461
7408 -463
7440 -465
7472 -467
7504 -469
7536 -471
7568 -473
7600 -475
7632 -477
7664 -479
7696 -481
7728 -483
7760 -485
7792 -487
7824 -489
7856 -491
7888 -493
7920 -495
7952 -497
7984 -499
8016 -501
8048 -503
8080 -505
8112 -507
8144 -509
8176 -511
8208 -513
8240 -515
8272 -517
8304 -519
8336 -521
8368 -523
8400 -525
8432 -527
8464 -529
8496 -531
8528 -533
8560 -535
8592 -537
8624 -539
8656 -541
8688 -543
8720 -545
8752 -547
8784 -549
8816 -551
8848 -553
8880 -555
8912 -557
8944 -559
8976 -561
9008 -563
9040 -565
9072 -567
9104 -569
9136 -571
9168 -573
9200 -575
9232 -577
9264 -579
9296 -581
9328 -583
9360 -585
9392 -587
9424 -589
9456 -591
9488 -593
9520 -595
9552 -597
9584 -599
9616 -601
9648 -603
9680 -605
9712 -607
9744 -609
9776 -611
9808 -613
9840 -615
9872 -617
9904 -619
9936 -621
9968 -623
10000 -625
10032 -627
10064 -629
10096 -631
10128 -633
10160 -635
10192 -637
10224 -639
10256 -641
10288 -643
10320 -645
10352 -647
10384 -649
10416 -651
10448 -653
10480 -655
10512 -657
10544 -659
10576 -661
10608 -663
10640 -665
10672 -667
10704 -669
10736 -671
10768 -673
10800 -675
10832 -677
10864 -679
10896 -681
10928 -683
10960 -685
10992 -687
11024 -689
11056 -691
11088 -693
11120 -695
11152 -697
11184 -699
11216 -701
11248 -703
11280 -705
11312 -707
11344 -709
11376 -711
11408 -713
11440 -715
11472 -717
11504 -719
11536 -721
11568 -723
11600 -725
11632 -727
11664 -729
11696 -731
11728 -733
11760 -735
11792 -737
11824 -739
11856 -741
11888 -743
11920 -745
11952 -747
11984 -749
12016 -751
12048 -753
12080 -755
12112 -757
12144 -759
12176 -761
12208 -763
12240 -765
12272 -767
12304 -769
12336 -771
12368 -773
12400 -775
12432 -777
12464 -779
12496 -781
12528 -783
12560 -785
12592 -787
12624 -789
12656 -791
12688 -793
12720 -795
12752 -797
12784 -799
12816 -801
12848 -803
12880 -805
12912 -807
12944 -809
12976 -811
13008 -813
13040 -815
13072 -817
13104 -819
13136 -821
13168 -823
13200 -825
13232 -827
13264 -829
13296 -831
13328 -833
13360 -835
13392 -837
13424 -839
13456 -841
13488 -843
13520 -845
13552 -847
13584 -849
13616 -851
13648 -853
13680 -855
13712 -857
13744 -859
13776 -861
13808 -863
13840 -865
13872 -867
13904 -869
13936 -871
13968 -873
14000 -875
14032 -877
14064 -879
14096 -881
14128 -883
14160 -885
14192 -887
14224 -889
14256 -891
14288 -893
14320 -895
14352 -897
14384 -899
14416 -901
14448 -903
14480 -905
14512 -907
14544 -909
14576 -911
14608 -913
14640 -915
14672 -917
14704 -919
14736 -921
14768 -923
14800 -925
14832 -927
14864 -929
14896 -931
14928 -933
14960 -935
14992 -937
15024 -939
15056 -941
15088 -943
15120 -945
15152 -947
15184 -949
15216 -951
15248 -953
15280 -955
15312 -957
15344 -959
15376 -961
15408 -963
15440 -965
15472 -967
15504 -969
15536 -971
15568 -973
15600 -975
15632 -977
15664 -979
15696 -981
15728 -983
15760 -985
15792 -987
15824 -989
15856 -991
15888 -993
15920 -995
15952 -997
15984 -999
16016 -1001
16048 -1003
16080 -1005
16112 -1007
16144 -1009
16176 -1011
16208 -1013
16240 -1015
16272 -1017
16304 -1019
16336 -1021
16368 -1023
16400 -1025
16432 -1027
16464 -1029
16496 -1031
16528 -1033
16560 -1035
16592 -1037
16624 -1039
16656 -1041
16688 -1043
16720 -1045
16752 -1047
16784 -1049
16816 -1051
16848 -1053
16880 -1055
16912 -1057
16944 -1059
16976 -1061
17008 -1063
17040 -1065
17072 -1067
17104 -1069
17136 -1071
17168 -1073
17200 -1075
17232 -1077
17264 -1079
17296 -1081
17328 -1083
17360 -1085
17392 -1087
17424 -1089
17456 -1091
17488 -1093
17520 -1095
17552 -1097
17584 -1099
17616 -1101
17648 -1103
17680 -1105
17712 -1107
17744 -1109
17776 -1111
17808 -1113
17840 -1115
17872 -1117
17904 -1119
17936 -1121
17968 -1123
18000 -1125
18032 -1127
18064 -1129
18096 -1131
18128 -1133
18160 -1135
18192 -1137
18224 -1139
18256 -1141
18288 -1143
18320 -1145
18352 -1147
18384 -1149
18416 -1151
18448 -1153
18480 -1155
18512 -1157
18544 -1159
18576 -1161
18608 -1163
18640 -1165
18672 -1167
18704 -1169
18736 -1171
18768 -1173
18800 -1175
18832 -1177
18864 -1179
18896 -1181
18928 -1183
18960 -1185
18992 -1187
19024 -1189
19056 -1191
19088 -1193
19120 -1195
19152 -1197
19184 -1199
19216 -1201
19248 -1203
19280 -1205
19312 -1207
19344 -1209
19376 -1211
19408 -1213
19440 -1215
19472 -1217
19504 -1219
19536 -1221
19568 -1223
19600 -1225
19632 -1227
19664 -1229
19696 -1231
19728 -1233
19760 -1235
19792 -1237
19824 -1239
19856 -1241
19888 -1243
19920 -1245
19952 -1247
19984 -1249
20016 -1251
20048 -1253
20080 -1255
20112 -1257
20144 -1259
20176 -1261
20208 -1263
20240 -1265
20272 -1267
20304 -1269
20336 -1271
20368 -1273
20400 -1275
20432 -1277
20464 -1279
20496 -1281
20528 -1283
20560 -1285
20592 -1287
20624 -1289
20656 -1291
20688 -1293
20720 -1295
20752 -1297
20784 -1299
20816 -1301
20848 -1303
20880 -1305
20912 -1307
20944 -1309
20976 -1311
21008 -1313
21040 -1315
21072 -1317
21104 -1319
21136 -1321
21168 -1323
21200 -1325
21232 -1327
21264 -1329
21296 -1331
21328 -1333
21360 -1335
21392 -1337
21424 -1339
21456 -1341
21488 -1343
21520 -1345
21552 -1347
21584 -1349
21616 -1351
21648 -1353
21680 -1355
21712 -1357
21744 -1359
21776 -1361
21808 -1363
21840 -1365
21872 -1367
21904 -1369
21936 -1371
21968 -1373
22000 -1375
22032 -1377
22064 -1379
22096 -1381
22128 -1383
22160 -1385
22192 -1387
22224 -1389
22256 -1391
22288 -1393
22320 -1395
22352 -1397
22384 -1399
22416 -1401
22448 -1403
22480 -1405
22512 -1407
22544 -1409
22576 -1411
22608 -1413
22640 -1415
22672 -1417
22704 -1419
22736 -1421
22768 -1423
22800 -1425
22832 -1427
22864 -1429
22896 -1431
22928 -1433
22960 -1435
22992 -1437
23024 -1439
23056 -1441
23088 -1443
23120 -1445
23152 -1447
23184 -1449
23216 -1451
23248 -1453
23280 -1455
23312 -1457
23344 -1459
23376 -1461
23408 -1463
23440 -1465
23472 -1467
23504 -1469
23536 -1471
23568 -1473
23600 -1475
23632 -1477
23664 -1479
23696 -1481
23728 -1483
23760 -1485
23792 -1487
23824 -1489
23856 -1491
23888 -1493
23920 -1495
23952 -1497
23984 -1499
24016 -1501
24048 -1503
24080 -1505
24112 -1507
24144 -1509
24176 -1511
24208 -1513
24240 -1515
24272 -1517
24304 -1519
24336 -1521
24368 -1523
24400 -1525
24432 -1527
24464 -1529
24496 -1531
24528 -1533
24560 -1535
24592 -1537
24624 -1539
24656 -1541
24688 -1543
24720 -1545
24752 -1547
24784 -1549
24816 -1551
24848 -1553
24880 -1555
24912 -1557
24944 -1559
24976 -1561
25008 -1563
25040 -1565
25072 -1567
25104 -1569
25136 -1571
25168 -1573
25200 -1575
25232 -1577
25264 -1579
25296 -1581
25328 -1583
25360 -1585
25392 -1587
25424 -1589
25456 -1591
25488 -1593
25520 -1595
25552 -1597
25584 -1599
25616 -1601
25648 -1603
25680 -1605
25712 -1607
25744 -1609
25776 -1611
25808 -1613
25840 -1615
25872 -1617
25904 -1619
25936 -1621
25968 -1623
26000 -1625
26032 -1627
26064 -1629
26096 -1631
26128 -1633
26160 -1635
26192 -1637
26224 -1639
26256 -1641
26288 -1643
26320 -1645
26352 -1647
26384 -1649
26416 -1651
26448 -1653
26480 -1655
26512 -1657
26544 -1659
26576 -1661
26608 -1663
26640 -1665
26672 -1667
26704 -1669
26736 -1671
26768 -1673
26800 -1675
26832 -1677
26864 -1679
26896 -1681
26928 -1683
26960 -1685
26992 -1687
27024 -1689
27056 -1691
27088 -1693
27120 -1695
27152 -1697
27184 -1699
27216 -1701
27248 -1703
27280 -1705
27312 -1707
27344 -1709
27376 -1711
27408 -1713
27440 -1715
27472 -1717
27504 -1719
27536 -1721
27568 -1723
27600 -1725
27632 -1727
27664 -1729
27696 -1731
27728 -1733
27760 -1735
27792 -1737
27824 -1739
27856 -1741
27888 -1743
27920 -1745
27952 -1747
27984 -1749
28016 -1751
28048 -1753
28080 -1755
28112 -1757
28144 -1759
28176 -1761
28208 -1763
28240 -1765
28272 -1767
28304 -1769
28336 -1771
28368 -1773
28400 -1775
28432 -1777
28464 -1779
28496 -1781
28528 -1783
28560 -1785
28592 -1787
28624 -1789
28656 -1791
28688 -1793
28720 -1795
28752 -1797
28784 -1799
28816 -1801
28848 -1803
28880 -1805
28912 -1807
28944 -1809
28976 -1811
29008 -1813
29040 -1815
29072 -1817
29104 -1819
29136 -1821
29168 -1823
29200 -1825
29232 -1827
29264 -1829
29296 -1831
29328 -1833
29360 -1835
29392 -1837
29424 -1839
29456 -1841
29488 -1843
29520 -1845
29552 -1847
29584 -1849
29616 -1851
29648 -1853
29680 -1855
29712 -1857
29744 -1859
29776 -1861
29808 -1863
29840 -1865
29872 -1867
29904 -1869
29936 -1871
29968 -1873
30000 -1875
30032 -1877
30064 -1879
30096 -1881
30128 -1883
30160 -1885
30192 -1887
30224 -1889
30256 -1891
30288 -1893
30320 -1895
30352 -1897
30384 -1899
30416 -1901
30448 -1903
30480 -1905
30512 -1907
30544 -1909
30576 -1911
30608 -1913
30640 -1915
30672 -1917
30704 -1919
30736 -1921
30768 -1923
30800 -1925
30832 -1927
30864 -1929
30896 -1931
30928 -1933
30960 -1935
30992 -1937
31024 -1939
31056 -1941
31088 -1943
31120 -1945
31152 -1947
31184 -1949
31216 -1951
31248 -1953
31280 -1955
31312 -1957
31344 -1959
31376 -1961
31408 -1963
31440 -1965
31472 -1967
31504 -1969
31536 -1971
31568 -1973
31600 -1975
31632 -1977
31664 -1979
31696 -1981
31728 -1983
31760 -1985
31792 -1987
31824 -1989
31856 -1991
31888 -1993
31920 -1995
31952 -1997
31984 -1999

32 -1
96 -3
160 -5
224 -7
288 -9
352 -11
416 -13
480 -15
544 -17
608 -19
672 -21
736 -23
800 -25
864 -27
928 -29
992 -31
1056 -33
1120 -35
1184 -37
1248 -39
1312 -41
1376 -43
1440 -45
1504 -47
1568 -49
1632 -51
1696 -53
1760 -55
1824 -57
1888 -59
1952 -61
2016 -63
2080 -65
2144 -67
2208 -69
2272 -71
2336 -73
2400 -75
2464 -77
2528 -79
2592 -81
2656 -83
2720 -85
2784 -87
2848 -89
2912 -91
2976 -93
3040 -95
3104 -97
3168 -99
3232 -101
3296 -103
3360 -105
3424 -107
3488 -109
3552 -111
3616 -113
3680 -115
3744 -117
3808 -119
3872 -121
3936 -123
4000 -125
4064 -127
4128 -129
4192 -131
4256 -133
4320 -135
4384 -137
4448 -139
4512 -141
4576 -143
4640 -145
4704 -147
4768 -149
4832 -151
4896 -153
4960 -155
5024 -157
5088 -159
5152 -161
5216 -163
5280 -165
5344 -167
5408 -169
5472 -171
5536 -173
5600 -175
5664 -177
5728 -179
5792 -181
5856 -183
5920 -185
5984 -187
6048 -189
6112 -191
6176 -193
6240 -195
6304 -197
6368 -199
6432 -201
6496 -203
6560 -205
6624 -207
6688 -209
6752 -211
6816 -213
6880 -215
6944 -217
7008 -219
7072 -221
7136 -223
7200 -225
7264 -227
7328 -229
7392 -231
7456 -233
7520 -235
7584 -237
7648 -239
7712 -241
7776 -243
7840 -245
7904 -247
7968 -249
8032 -251
8096 -253
8160 -255
8224 -257
8288 -259
8352 -261
8416 -263
8480 -265
8544 -267
8608 -269
8672 -271
8736 -273
8800 -275
8864 -277
8928 -279
8992 -281
9056 -283
9120 -285
9184 -287
9248 -289
9312 -291
9376 -293
9440 -295
9504 -297
9568 -299
9632 -301
9696 -303
9760 -305
9824 -307
9888 -309
9952 -311
10016 -313
10080 -315
10144 -317
10208 -319
10272 -321
10336 -323
10400 -325
10464 -327
10528 -329
10592 -331
10656 -333
10720 -335
10784 -337
10848 -339
10912 -341
10976 -343
11040 -345
11104 -347
11168 -349
11232 -351
11296 -353
11360 -355
11424 -357
11488 -359
11552 -361
11616 -363
11680 -365
11744 -367
11808 -369
11872 -371
11936 -373
12000 -375
12064 -377
12128 -379
12192 -381
12256 -383
12320 -385
12384 -387
12448 -389
12512 -391
12576 -393
12640 -395
12704 -397
12768 -399
12832 -401
12896 -403
12960 -405
13024 -407
13088 -409
13152 -411
13216 -413
13280 -415
13344 -417
13408 -419
13472 -421
13536 -423
13600 -425
13664 -427
13728 -429
13792 -431
13856 -433
13920 -435
13984 -437
14048 -439
14112 -441
14176 -443
14240 -445
14304 -447
14368 -449
14432 -451
14496 -453
14560 -455
14624 -457
14688 -459
14752 -461
14816 -463
14880 -465
14944 -467
15008 -469
15072 -471
15136 -473
15200 -475
15264 -477
15328 -479
15392 -481
15456 -483
15520 -485
15584 -487
15648 -489
15712 -491
15776 -493
15840 -495
15904 -497
15968 -499
16032 -501
16096 -503
16160 -505
16224 -507
16288 -509
16352 -511
16416 -513
16480 -515
16544 -517
16608 -519
16672 -521
16736 -523
16800 -525
16864 -527
16928 -529
16992 -531
17056 -533
17120 -535
17184 -537
17248 -539
17312 -541
17376 -543
17440 -545
17504 -547
17568 -549
17632 -551
17696 -553
17760 -555
17824 -557
17888 -559
17952 -561
18016 -563
18080 -565
18144 -567
18208 -569
18272 -571
18336 -573
18400 -575
18464 -577
18528 -579
18592 -581
18656 -583
18720 -585
18784 -587
18848 -589
18912 -591
18976 -593
19040 -595
19104 -597
19168 -599
19232 -601
19296 -603
19360 -605
19424 -607
19488 -609
19552 -611
19616 -613
19680 -615
19744 -617
19808 -619
19872 -621
19936 -623
20000 -625
20064 -627
20128 -629
20192 -631
20256 -633
20320 -635
20384 -637
20448 -639
20512 -641
20576 -643
20640 -645
20704 -647
20768 -649
20832 -651
20896 -653
20960 -655
21024 -657
21088 -659
21152 -661
21216 -663
21280 -665
21344 -667
21408 -669
21472 -671
21536 -673
21600 -675
21664 -677
21728 -679
21792 -681
21856 -683
21920 -685
21984 -687
22048 -689
22112 -691
22176 -693
22240 -695
22304 -697
22368 -699
22432 -701
22496 -703
22560 -705
22624 -707
22688 -709
22752 -711
22816 -713
22880 -715
22944 -717
23008 -719
23072 -721
23136 -723
23200 -725
23264 -727
23328 -729
23392 -731
23456 -733
23520 -735
23584 -737
23648 -739
23712 -741
23776 -743
23840 -745
23904 -747
23968 -749
24032 -751
24096 -753
24160 -755
24224 -757
24288 -759
24352 -761
24416 -763
24480 -765
24544 -767
24608 -769
24672 -771
24736 -773
24800 -775
24864 -777
24928 -779
24992 -781
25056 -783
25120 -785
25184 -787
25248 -789
25312 -791
25376 -793
25440 -795
25504 -797
25568 -799
25632 -801
25696 -803
25760 -805
25824 -807
25888 -809
25952 -811
26016 -813
26080 -815
26144 -817
26208 -819
26272 -821
26336 -823
26400 -825
26464 -827
26528 -829
26592 -831
26656 -833
26720 -835
26784 -837
26848 -839
26912 -841
26976 -843
27040 -845
27104 -847
27168 -849
27232 -851
27296 -853
27360 -855
27424 -857
27488 -859
27552 -861
27616 -863
27680 -865
27744 -867
27808 -869
27872 -871
27936 -873
28000 -875
28064 -877
28128 -879
28192 -881
28256 -883
28320 -885
28384 -887
28448 -889
28512 -891
28576 -893
28640 -895
28704 -897
28768 -899
28832 -901
28896 -903
28960 -905
29024 -907
29088 -909
29152 -911
29216 -913
29280 -915
29344 -917
29408 -919
29472 -921
29536 -923
29600 -925
29664 -927
29728 -929
29792 -931
29856 -933
29920 -935
29984 -937
30048 -939
30112 -941
30176 -943
30240 -945
30304 -947
30368 -949
30432 -951
30496 -953
30560 -955
30624 -957
30688 -959
30752 -961
30816 -963
30880 -965
30944 -967
31008 -969
31072 -971
31136 -973
31200 -975
31264 -977
31328 -979
31392 -981
31456 -983
31520 -985
31584 -987
31648 -989
31712 -991
31776 -993
31840 -995
31904 -997
31968 -999
32032 -1001
32096 -1003
32160 -1005
32224 -1007
32288 -1009
32352 -1011
32416 -1013
32480 -1015
32544 -1017
32608 -1019
32672 -1021
32736 -1023
32800 -1025
32864 -1027
32928 -1029
32992 -1031
33056 -1033
33120 -1035
33184 -1037
33248 -1039
33312 -1041
33376 -1043
33440 -1045
33504 -1047
33568 -1049
33632 -1051
33696 -1053
33760 -1055
33824 -1057
33888 -1059
33952 -1061
34016 -1063
34080 -1065
34144 -1067
34208 -1069
34272 -1071
34336 -1073
34400 -1075
34464 -1077
34528 -1079
34592 -1081
34656 -1083
34720 -1085
34784 -1087
34848 -1089
34912 -1091
34976 -1093
35040 -1095
35104 -1097
35168 -1099
35232 -1101
35296 -1103
35360 -1105
35424 -1107
35488 -1109
35552 -1111
35616 -1113
35680 -1115
35744 -1117
35808 -1119
35872 -1121
35936 -1123
36000 -1125
36064 -1127
36128 -1129
36192 -1131
36256 -1133
36320 -1135
36384 -1137
36448 -1139
36512 -1141
36576 -1143
36640 -1145
36704 -1147
36768 -1149
36832 -1151
36896 -1153
36960 -1155
37024 -1157
37088 -1159
37152 -1161
37216 -1163
37280 -1165
37344 -1167
37408 -1169
37472 -1171
37536 -1173
37600 -1175
37664 -1177
37728 -1179
37792 -1181
37856 -1183
37920 -1185
37984 -1187
38048 -1189
38112 -1191
38176 -1193
38240 -1195
38304 -1197
38368 -1199
38432 -1201
38496 -1203
38560 -1205
38624 -1207
38688 -1209
38752 -1211
38816 -1213
38880 -1215
38944 -1217
39008 -1219
39072 -1221
39136 -1223
39200 -1225
39264 -1227
39328 -1229
39392 -1231
39456 -1233
39520 -1235
39584 -1237
39648 -1239
39712 -1241
39776 -1243
39840 -1245
39904 -1247
39968 -1249
40032 -1251
40096 -1253
40160 -1255
40224 -1257
40288 -1259
40352 -1261
40416 -1263
40480 -1265
40544 -1267
40608 -1269
40672 -1271
40736 -1273
40800 -1275
40864 -1277
40928 -1279
40992 -1281
41056 -1283
41120 -1285
41184 -1287
41248 -1289
41312 -1291
41376 -1293
41440 -1295
41504 -1297
41568 -1299
41632 -1301
41696 -1303
41760 -1305
41824 -1307
41888 -1309
41952 -1311
42016 -1313
42080 -1315
42144 -1317
42208 -1319
42272 -1321
42336 -1323
42400 -1325
42464 -1327
42528 -1329
42592 -1331
42656 -1333
42720 -1335
42784 -1337
42848 -1339
42912 -1341
42976 -1343
43040 -1345
43104 -1347
43168 -1349
43232 -1351
43296 -1353
43360 -1355
43424 -1357
43488 -1359
43552 -1361
43616 -1363
43680 -1365
43744 -1367
43808 -1369
43872 -1371
43936 -1373
44000 -1375
44064 -1377
44128 -1379
44192 -1381
44256 -1383
44320 -1385
44384 -1387
44448 -1389
44512 -1391
44576 -1393
44640 -1395
44704 -1397
44768 -1399
44832 -1401
44896 -1403
44960 -1405
45024 -1407
45088 -1409
45152 -1411
45216 -1413
45280 -1415
45344 -1417
45408 -1419
45472 -1421
45536 -1423
45600 -1425
45664 -1427
45728 -1429
45792 -1431
45856 -1433
45920 -1435
45984 -1437
46048 -1439
46112 -1441
46176 -1443
46240 -1445
46304 -1447
46368 -1449
46432 -1451
46496 -1453
46560 -1455
46624 -1457
46688 -1459
46752 -1461
46816 -1463
46880 -1465
46944 -1467
47008 -1469
47072 -1471
47136 -1473
47200 -1475
47264 -1477
47328 -1479
47392 -1481
47456 -1483
47520 -1485
47584 -1487
47648 -1489
47712 -1491
47776 -1493
47840 -1495
47904 -1497
47968 -1499
48032 -1501
48096 -1503
48160 -1505
48224 -1507
48288 -1509
48352 -1511
48416 -1513
48480 -1515
48544 -1517
48608 -1519
48672 -1521
48736 -1523
48800 -1525
48864 -1527
48928 -1529
48992 -1531
49056 -1533
49120 -1535
49184 -1537
49248 -1539
49312 -1541
49376 -1543
49440 -1545
49504 -1547
49568 -1549
49632 -1551
49696 -1553
49760 -1555
49824 -1557
49888 -1559
49952 -1561
50016 -1563
50080 -1565
50144 -1567
50208 -1569
50272 -1571
50336 -1573
50400 -1575
50464 -1577
50528 -1579
50592 -1581
50656 -1583
50720 -1585
50784 -1587
50848 -1589
50912 -1591
50976 -1593
51040 -1595
51104 -1597
51168 -1599
51232 -1601
51296 -1603
51360 -1605
51424 -1607
51488 -1609
51552 -1611
51616 -1613
51680 -1615
51744 -1617
51808 -1619
51872 -1621
51936 -1623
52000 -1625
52064 -1627
52128 -1629
52192 -1631
52256 -1633
52320 -1635
52384 -1637
52448 -1639
52512 -1641
52576 -1643
52640 -1645
52704 -1647
52768 -1649
52832 -1651
52896 -1653
52960 -1655
53024 -1657
53088 -1659
53152 -1661
53216 -1663
53280 -1665
53344 -1667
53408 -1669
53472 -1671
53536 -1673
53600 -1675
53664 -1677
53728 -1679
53792 -1681
53856 -1683
53920 -1685
53984 -1687
54048 -1689
54112 -1691
54176 -1693
54240 -1695
54304 -1697
54368 -1699
54432 -1701
54496 -1703
54560 -1705
54624 -1707
54688 -1709
54752 -1711
54816 -1713
54880 -1715
54944 -1717
55008 -1719
55072 -1721
55136 -1723
55200 -1725
55264 -1727
55328 -1729
55392 -1731
55456 -1733
55520 -1735
55584 -1737
55648 -1739
55712 -1741
55776 -1743
55840 -1745
55904 -1747
55968 -1749
56032 -1751
56096 -1753
56160 -1755
56224 -1757
56288 -1759
56352 -1761
56416 -1763
56480 -1765
56544 -1767
56608 -1769
56672 -1771
56736 -1773
56800 -1775
56864 -1777
56928 -1779
56992 -1781
57056 -1783
57120 -1785
57184 -1787
57248 -1789
57312 -1791
57376 -1793
57440 -1795
57504 -1797
57568 -1799
57632 -1801
57696 -1803
57760 -1805
57824 -1807
57888 -1809
57952 -1811
58016 -1813
58080 -1815
58144 -1817
58208 -1819
58272 -1821
58336 -1823
58400 -1825
58464 -1827
58528 -1829
58592 -1831
58656 -1833
58720 -1835
58784 -1837
58848 -1839
58912 -1841
58976 -1843
59040 -1845
59104 -1847
59168 -1849
59232 -1851
59296 -1853
59360 -1855
59424 -1857
59488 -1859
59552 -1861
59616 -1863
59680 -1865
59744 -1867
59808 -1869
59872 -1871
59936 -1873
60000 -1875
60064 -1877
60128 -1879
60192 -1881
60256 -1883
60320 -1885
60384 -1887
60448 -1889
60512 -1891
60576 -1893
60640 -1895
60704 -1897
60768 -1899
60832 -1901
60896 -1903
60960 -1905
61024 -1907
61088 -1909
61152 -1911
61216 -1913
61280 -1915
61344 -1917
61408 -1919
61472 -1921
61536 -1923
61600 -1925
61664 -1927
61728 -1929
61792 -1931
61856 -1933
61920 -1935
61984 -1937
62048 -1939
62112 -1941
62176 -1943
62240 -1945
62304 -1947
62368 -1949
62432 -1951
62496 -1953
62560 -1955
62624 -1957
62688 -1959
62752 -1961
62816 -1963
62880 -1965
62944 -1967
63008 -1969
63072 -1971
63136 -1973
63200 -1975
63264 -1977
63328 -1979
63392 -1981
63456 -1983
63520 -1985
63584 -1987
63648 -1989
63712 -1991
63776 -1993
63840 -1995
63904 -1997
63968 -1999

64 -1
192 -3
320 -5
448 -7
576 -9
704 -11
832 -13
960 -15
1088 -17
1216 -19
1344 -21
1472 -23
1600 -25
1728 -27
1856 -29
1984 -31
2112 -33
2240 -35
2368 -37
2496 -39
2624 -41
2752 -43
2880 -45
3008 -47
3136 -49
3264 -51
3392 -53
3520 -55
3648 -57
3776 -59
3904 -61
4032 -63
4160 -65
4288 -67
4416 -69
4544 -71
4672 -73
4800 -75
4928 -77
5056 -79
5184 -81
5312 -83
5440 -85
5568 -87
5696 -89
5824 -91
5952 -93
6080 -95
6208 -97
6336 -99
6464 -101
6592 -103
6720 -105
6848 -107
6976 -109
7104 -111
7232 -113
7360 -115
7488 -117
7616 -119
7744 -121
7872 -123
8000 -125
8128 -127
8256 -129
8384 -131
8512 -133
8640 -135
8768 -137
8896 -139
9024 -141
9152 -143
9280 -145
9408 -147
9536 -149
9664 -151
9792 -153
9920 -155
10048 -157
10176 -159
10304 -161
10432 -163
10560 -165
10688 -167
10816 -169
10944 -171
11072 -173
11200 -175
11328 -177
11456 -179
11584 -181
11712 -183
11840 -185
11968 -187
12096 -189
12224 -191
12352 -193
12480 -195
12608 -197
12736 -199
12864 -201
12992 -203
13120 -205
13248 -207
13376 -209
13504 -211
13632 -213
13760 -215
13888 -217
14016 -219
14144 -221
14272 -223
14400 -225
14528 -227
14656 -229
14784 -231
14912 -233
15040 -235
15168 -237
15296 -239
15424 -241
15552 -243
15680 -245
15808 -247
15936 -249
16064 -251
16192 -253
16320 -255
16448 -257
16576 -259
16704 -261
16832 -263
16960 -265
17088 -267
17216 -269
17344 -271
17472 -273
17600 -275
17728 -277
17856 -279
17984 -281
18112 -283
18240 -285
18368 -287
18496 -289
18624 -291
18752 -293
18880 -295
19008 -297
19136 -299
19264 -301
19392 -303
19520 -305
19648 -307
19776 -309
19904 -311
20032 -313
20160 -315
20288 -317
20416 -319
20544 -321
20672 -323
20800 -325
20928 -327
21056 -329
21184 -331
21312 -333
21440 -335
21568 -337
21696 -339
21824 -341
21952 -343
22080 -345
22208 -347
22336 -349
22464 -351
22592 -353
22720 -355
22848 -357
22976 -359
23104 -361
23232 -363
23360 -365
23488 -367
23616 -369
23744 -371
23872 -373
24000 -375
24128 -377
24256 -379
24384 -381
24512 -383
24640 -385
24768 -387
24896 -389
25024 -391
25152 -393
25280 -395
25408 -397
25536 -399
25664 -401
25792 -403
25920 -405
26048 -407
26176 -409
26304 -411
26432 -413
26560 -415
26688 -417
26816 -419
26944 -421
27072 -423
27200 -425
27328 -427
27456 -429
27584 -431
27712 -433
27840 -435
27968 -437
28096 -439
28224 -441
28352 -443
28480 -445
28608 -447
28736 -449
28864 -451
28992 -453
29120 -455
29248 -457
29376 -459
29504 -461
29632 -463
29760 -465
29888 -467
30016 -469
30144 -471
30272 -473
30400 -475
30528 -477
30656 -479
30784 -481
30912 -483
31040 -485
31168 -487
31296 -489
31424 -491
31552 -493
31680 -495
31808 -497
31936 -499
32064 -501
32192 -503
32320 -505
32448 -507
32576 -509
32704 -511
32832 -513
32960 -515
33088 -517
33216 -519
33344 -521
33472 -523
33600 -525
33728 -527
33856 -529
33984 -531
34112 -533
34240 -535
34368 -537
34496 -539
34624 -541
34752 -543
34880 -545
35008 -547
35136 -549
35264 -551
35392 -553
35520 -555
35648 -557
35776 -559
35904 -561
36032 -563
36160 -565
36288 -567
36416 -569
36544 -571
36672 -573
36800 -575
36928 -577
37056 -579
37184 -581
37312 -583
37440 -585
37568 -587
37696 -589
37824 -591
37952 -593
38080 -595
38208 -597
38336 -599
38464 -601
38592 -603
38720 -605
38848 -607
38976 -609
39104 -611
39232 -613
39360 -615
39488 -617
39616 -619
39744 -621
39872 -623
40000 -625
40128 -627
40256 -629
40384 -631
40512 -633
40640 -635
40768 -637
40896 -639
41024 -641
41152 -643
41280 -645
41408 -647
41536 -649
41664 -651
41792 -653
41920 -655
42048 -657
42176 -659
42304 -661
42432 -663
42560 -665
42688 -667
42816 -669
42944 -671
43072 -673
43200 -675
43328 -677
43456 -679
43584 -681
43712 -683
43840 -685
43968 -687
44096 -689
44224 -691
44352 -693
44480 -695
44608 -697
44736 -699
44864 -701
44992 -703
45120 -705
45248 -707
45376 -709
45504 -711
45632 -713
45760 -715
45888 -717
46016 -719
46144 -721
46272 -723
46400 -725
46528 -727
46656 -729
46784 -731
46912 -733
47040 -735
47168 -737
47296 -739
47424 -741
47552 -743
47680 -745
47808 -747
47936 -749
48064 -751
48192 -753
48320 -755
48448 -757
48576 -759
48704 -761
48832 -763
48960 -765
49088 -767
49216 -769
49344 -771
49472 -773
49600 -775
49728 -777
49856 -779
49984 -781
50112 -783
50240 -785
50368 -787
50496 -789
50624 -791
50752 -793
50880 -795
51008 -797
51136 -799
51264 -801
51392 -803
51520 -805
51648 -807
51776 -809
51904 -811
52032 -813
52160 -815
52288 -817
52416 -819
52544 -821
52672 -823
52800 -825
52928 -827
53056 -829
53184 -831
53312 -833
53440 -835
53568 -837
53696 -839
53824 -841
53952 -843
54080 -845
54208 -847
54336 -849
54464 -851
54592 -853
54720 -855
54848 -857
54976 -859
55104 -861
55232 -863
55360 -865
55488 -867
55616 -869
55744 -871
55872 -873
56000 -875
56128 -877
56256 -879
56384 -881
56512 -883
56640 -885
56768 -887
56896 -889
57024 -891
57152 -893
57280 -895
57408 -897
57536 -899
57664 -901
57792 -903
57920 -905
58048 -907
58176 -909
58304 -911
58432 -913
58560 -915
58688 -917
58816 -919
58944 -921
59072 -923
59200 -925
59328 -927
59456 -929
59584 -931
59712 -933
59840 -935
59968 -937
60096 -939
60224 -941
60352 -943
60480 -945
60608 -947
60736 -949
60864 -951
60992 -953
61120 -955
61248 -957
61376 -959
61504 -961
61632 -963
61760 -965
61888 -967
62016 -969
62144 -971
62272 -973
62400 -975
62528 -977
62656 -979
62784 -981
62912 -983
63040 -985
63168 -987
63296 -989
63424 -991
63552 -993
63680 -995
63808 -997
63936 -999
64064 -1001
64192 -1003
64320 -1005
64448 -1007
64576 -1009
64704 -1011
64832 -1013
64960 -1015
65088 -1017
65216 -1019
65344 -1021
65472 -1023
65600 -1025
65728 -1027
65856 -1029
65984 -1031
66112 -1033
66240 -1035
66368 -1037
66496 -1039
66624 -1041
66752 -1043
66880 -1045
67008 -1047
67136 -1049
67264 -1051
67392 -1053
67520 -1055
67648 -1057
67776 -1059
67904 -1061
68032 -1063
68160 -1065
68288 -1067
68416 -1069
68544 -1071
68672 -1073
68800 -1075
68928 -1077
69056 -1079
69184 -1081
69312 -1083
69440 -1085
69568 -1087
69696 -1089
69824 -1091
69952 -1093
70080 -1095
70208 -1097
70336 -1099
70464 -1101
70592 -1103
70720 -1105
70848 -1107
70976 -1109
71104 -1111
71232 -1113
71360 -1115
71488 -1117
71616 -1119
71744 -1121
71872 -1123
72000 -1125
72128 -1127
72256 -1129
72384 -1131
72512 -1133
72640 -1135
72768 -1137
72896 -1139
73024 -1141
73152 -1143
73280 -1145
73408 -1147
73536 -1149
73664 -1151
73792 -1153
73920 -1155
74048 -1157
74176 -1159
74304 -1161
74432 -1163
74560 -1165
74688 -1167
74816 -1169
74944 -1171
75072 -1173
75200 -1175
75328 -1177
75456 -1179
75584 -1181
75712 -1183
75840 -1185
75968 -1187
76096 -1189
76224 -1191
76352 -1193
76480 -1195
76608 -1197
76736 -1199
76864 -1201
76992 -1203
77120 -1205
77248 -1207
77376 -1209
77504 -1211
77632 -1213
77760 -1215
77888 -1217
78016 -1219
78144 -1221
78272 -1223
78400 -1225
78528 -1227
78656 -1229
78784 -1231
78912 -1233
79040 -1235
79168 -1237
79296 -1239
79424 -1241
79552 -1243
79680 -1245
79808 -1247
79936 -1249
80064 -1251
80192 -1253
80320 -1255
80448 -1257
80576 -1259
80704 -1261
80832 -1263
80960 -1265
81088 -1267
81216 -1269
81344 -1271
81472 -1273
81600 -1275
81728 -1277
81856 -1279
81984 -1281
82112 -1283
82240 -1285
82368 -1287
82496 -1289
82624 -1291
82752 -1293
82880 -1295
83008 -1297
83136 -1299
83264 -1301
83392 -1303
83520 -1305
83648 -1307
83776 -1309
83904 -1311
84032 -1313
84160 -1315
84288 -1317
84416 -1319
84544 -1321
84672 -1323
84800 -1325
84928 -1327
85056 -1329
85184 -1331
85312 -1333
85440 -1335
85568 -1337
85696 -1339
85824 -1341
85952 -1343
86080 -1345
86208 -1347
86336 -1349
86464 -1351
86592 -1353
86720 -1355
86848 -1357
86976 -1359
87104 -1361
87232 -1363
87360 -1365
87488 -1367
87616 -1369
87744 -1371
87872 -1373
88000 -1375
88128 -1377
88256 -1379
88384 -1381
88512 -1383
88640 -1385
88768 -1387
88896 -1389
89024 -1391
89152 -1393
89280 -1395
89408 -1397
89536 -1399
89664 -1401
89792 -1403
89920 -1405
90048 -1407
90176 -1409
90304 -1411
90432 -1413
90560 -1415
90688 -1417
90816 -1419
90944 -1421
91072 -1423
91200 -1425
91328 -1427
91456 -1429
91584 -1431
91712 -1433
91840 -1435
91968 -1437
92096 -1439
92224 -1441
92352 -1443
92480 -1445
92608 -1447
92736 -1449
92864 -1451
92992 -1453
93120 -1455
93248 -1457
93376 -1459
93504 -1461
93632 -1463
93760 -1465
93888 -1467
94016 -1469
94144 -1471
94272 -1473
94400 -1475
94528 -1477
94656 -1479
94784 -1481
94912 -1483
95040 -1485
95168 -1487
95296 -1489
95424 -1491
95552 -1493
95680 -1495
95808 -1497
95936 -1499
96064 -1501
96192 -1503
96320 -1505
96448 -1507
96576 -1509
96704 -1511
96832 -1513
96960 -1515
97088 -1517
97216 -1519
97344 -1521
97472 -1523
97600 -1525
97728 -1527
97856 -1529
97984 -1531
98112 -1533
98240 -1535
98368 -1537
98496 -1539
98624 -1541
98752 -1543
98880 -1545
99008 -1547
99136 -1549
99264 -1551
99392 -1553
99520 -1555
99648 -1557
99776 -1559
99904 -1561
100032 -1563
100160 -1565
100288 -1567
100416 -1569
100544 -1571
100672 -1573
100800 -1575
100928 -1577
101056 -1579
101184 -1581
101312 -1583
101440 -1585
101568 -1587
101696 -1589
101824 -1591
101952 -1593
102080 -1595
102208 -1597
102336 -1599
102464 -1601
102592 -1603
102720 -1605
102848 -1607
102976 -1609
103104 -1611
103232 -1613
103360 -1615
103488 -1617
103616 -1619
103744 -1621
103872 -1623
104000 -1625
104128 -1627
104256 -1629
104384 -1631
104512 -1633
104640 -1635
104768 -1637
104896 -1639
105024 -1641
105152 -1643
105280 -1645
105408 -1647
105536 -1649
105664 -1651
105792 -1653
105920 -1655
106048 -1657
106176 -1659
106304 -1661
106432 -1663
106560 -1665
106688 -1667
106816 -1669
106944 -1671
107072 -1673
107200 -1675
107328 -1677
107456 -1679
107584 -1681
107712 -1683
107840 -1685
107968 -1687
108096 -1689
108224 -1691
108352 -1693
108480 -1695
108608 -1697
108736 -1699
108864 -1701
108992 -1703
109120 -1705
109248 -1707
109376 -1709
109504 -1711
109632 -1713
109760 -1715
109888 -1717
110016 -1719
110144 -1721
110272 -1723
110400 -1725
110528 -1727
110656 -1729
110784 -1731
110912 -1733
111040 -1735
111168 -1737
111296 -1739
111424 -1741
111552 -1743
111680 -1745
111808 -1747
111936 -1749
112064 -1751
112192 -1753
112320 -1755
112448 -1757
112576 -1759
112704 -1761
112832 -1763
112960 -1765
113088 -1767
113216 -1769
113344 -1771
113472 -1773
113600 -1775
113728 -1777
113856 -1779
113984 -1781
114112 -1783
114240 -1785
114368 -1787
114496 -1789
114624 -1791
114752 -1793
114880 -1795
115008 -1797
115136 -1799
115264 -1801
115392 -1803
115520 -1805
115648 -1807
115776 -1809
115904 -1811
116032 -1813
116160 -1815
116288 -1817
116416 -1819
116544 -1821
116672 -1823
116800 -1825
116928 -1827
117056 -1829
117184 -1831
117312 -1833
117440 -1835
117568 -1837
117696 -1839
117824 -1841
117952 -1843
118080 -1845
118208 -1847
118336 -1849
118464 -1851
118592 -1853
118720 -1855
118848 -1857
118976 -1859
119104 -1861
119232 -1863
119360 -1865
119488 -1867
119616 -1869
119744 -1871
119872 -1873
120000 -1875
120128 -1877
120256 -1879
120384 -1881
120512 -1883
120640 -1885
120768 -1887
120896 -1889
121024 -1891
121152 -1893
121280 -1895
121408 -1897
121536 -1899
121664 -1901
121792 -1903
121920 -1905
122048 -1907
122176 -1909
122304 -1911
122432 -1913
122560 -1915
122688 -1917
122816 -1919
122944 -1921
123072 -1923
123200 -1925
123328 -1927
123456 -1929
123584 -1931
123712 -1933
123840 -1935
123968 -1937
124096 -1939
124224 -1941
124352 -1943
124480 -1945
124608 -1947
124736 -1949
124864 -1951
124992 -1953
125120 -1955
125248 -1957
125376 -1959
125504 -1961
125632 -1963
125760 -1965
125888 -1967
126016 -1969
126144 -1971
126272 -1973
126400 -1975
126528 -1977
126656 -1979
126784 -1981
126912 -1983
127040 -1985
127168 -1987
127296 -1989
127424 -1991
127552 -1993
127680 -1995
127808 -1997
127936 -1999

128 -1
384 -3
640 -5
896 -7
1152 -9
1408 -11
1664 -13
1920 -15
2176 -17
2432 -19
2688 -21
2944 -23
3200 -25
3456 -27
3712 -29
3968 -31
4224 -33
4480 -35
4736 -37
4992 -39
5248 -41
5504 -43
5760 -45
6016 -47
6272 -49
6528 -51
6784 -53
7040 -55
7296 -57
7552 -59
7808 -61
8064 -63
8320 -65
8576 -67
8832 -69
9088 -71
9344 -73
9600 -75
9856 -77
10112 -79
10368 -81
10624 -83
10880 -85
11136 -87
11392 -89
11648 -91
11904 -93
12160 -95
12416 -97
12672 -99
12928 -101
13184 -103
13440 -105
13696 -107
13952 -109
14208 -111
14464 -113
14720 -115
14976 -117
15232 -119
15488 -121
15744 -123
16000 -125
16256 -127
16512 -129
16768 -131
17024 -133
17280 -135
17536 -137
17792 -139
18048 -141
18304 -143
18560 -145
18816 -147
19072 -149
19328 -151
19584 -153
19840 -155
20096 -157
20352 -159
20608 -161
20864 -163
21120 -165
21376 -167
21632 -169
21888 -171
22144 -173
22400 -175
22656 -177
22912 -179
23168 -181
23424 -183
23680 -185
23936 -187
24192 -189
24448 -191
24704 -193
24960 -195
25216 -197
25472 -199
25728 -201
25984 -203
26240 -205
26496 -207
26752 -209
27008 -211
27264 -213
27520 -215
27776 -217
28032 -219
28288 -221
28544 -223
28800 -225
29056 -227
29312 -229
29568 -231
29824 -233
30080 -235
30336 -237
30592 -239
30848 -241
31104 -243
31360 -245
31616 -247
31872 -249
32128 -251
32384 -253
32640 -255
32896 -257
33152 -259
33408 -261
33664 -263
33920 -265
34176 -267
34432 -269
34688 -271
34944 -273
35200 -275
35456 -277
35712 -279
35968 -281
36224 -283
36480 -285
36736 -287
36992 -289
37248 -291
37504 -293
37760 -295
38016 -297
38272 -299
38528 -301
38784 -303
39040 -305
39296 -307
39552 -309
39808 -311
40064 -313
40320 -315
40576 -317
40832 -319
41088 -321
41344 -323
41600 -325
41856 -327
42112 -329
42368 -331
42624 -333
42880 -335
43136 -337
43392 -339
43648 -341
43904 -343
44160 -345
44416 -347
44672 -349
44928 -351
45184 -353
45440 -355
45696 -357
45952 -359
46208 -361
46464 -363
46720 -365
46976 -367
47232 -369
47488 -371
47744 -373
48000 -375
48256 -377
48512 -379
48768 -381
49024 -383
49280 -385
49536 -387
49792 -389
50048 -391
50304 -393
50560 -395
50816 -397
51072 -399
51328 -401
51584 -403
51840 -405
52096 -407
52352 -409
52608 -411
52864 -413
53120 -415
53376 -417
53632 -419
53888 -421
54144 -423
54400 -425
54656 -427
54912 -429
55168 -431
55424 -433
55680 -435
55936 -437
56192 -439
56448 -441
56704 -443
56960 -445
57216 -447
57472 -449
57728 -451
57984 -453
58240 -455
58496 -457
58752 -459
59008 -461
59264 -463
59520 -465
59776 -467
60032 -469
60288 -471
60544 -473
60800 -475
61056 -477
61312 -479
61568 -481
61824 -483
62080 -485
62336 -487
62592 -489
62848 -491
63104 -493
63360 -495
63616 -497
63872 -499
64128 -501
64384 -503
64640 -505
64896 -507
65152 -509
65408 -511
65664 -513
65920 -515
66176 -517
66432 -519
66688 -521
66944 -523
67200 -525
67456 -527
67712 -529
67968 -531
68224 -533
68480 -535
68736 -537
68992 -539
69248 -541
69504 -543
69760 -545
70016 -547
70272 -549
70528 -551
70784 -553
71040 -555
71296 -557
71552 -559
71808 -561
72064 -563
72320 -565
72576 -567
72832 -569
73088 -571
73344 -573
73600 -575
73856 -577
74112 -579
74368 -581
74624 -583
74880 -585
75136 -587
75392 -589
75648 -591
75904 -593
76160 -595
76416 -597
76672 -599
76928 -601
77184 -603
77440 -605
77696 -607
77952 -609
78208 -611
78464 -613
78720 -615
78976 -617
79232 -619
79488 -621
79744 -623
80000 -625
80256 -627
80512 -629
80768 -631
81024 -633
81280 -635
81536 -637
81792 -639
82048 -641
82304 -643
82560 -645
82816 -647
83072 -649
83328 -651
83584 -653
83840 -655
84096 -657
84352 -659
84608 -661
84864 -663
85120 -665
85376 -667
85632 -669
85888 -671
86144 -673
86400 -675
86656 -677
86912 -679
87168 -681
87424 -683
87680 -685
87936 -687
88192 -689
88448 -691
88704 -693
88960 -695
89216 -697
89472 -699
89728 -701
89984 -703
90240 -705
90496 -707
90752 -709
91008 -711
91264 -713
91520 -715
91776 -717
92032 -719
92288 -721
92544 -723
92800 -725
93056 -727
93312 -729
93568 -731
93824 -733
94080 -735
94336 -737
94592 -739
94848 -741
95104 -743
95360 -745
95616 -747
95872 -749
96128 -751
96384 -753
96640 -755
96896 -757
97152 -759
97408 -761
97664 -763
97920 -765
98176 -767
98432 -769
98688 -771
98944 -773
99200 -775
99456 -777
99712 -779
99968 -781
100224 -783
100480 -785
100736 -787
100992 -789
101248 -791
101504 -793
101760 -795
102016 -797
102272 -799
102528 -801
102784 -803
103040 -805
103296 -807
103552 -809
103808 -811
104064 -813
104320 -815
104576 -817
104832 -819
105088 -821
105344 -823
105600 -825
105856 -827
106112 -829
106368 -831
106624 -833
106880 -835
107136 -837
107392 -839
107648 -841
107904 -843
108160 -845
108416 -847
108672 -849
108928 -851
109184 -853
109440 -855
109696 -857
109952 -859
110208 -861
110464 -863
110720 -865
110976 -867
111232 -869
111488 -871
111744 -873
112000 -875
112256 -877
112512 -879
112768 -881
113024 -883
113280 -885
113536 -887
113792 -889
114048 -891
114304 -893
114560 -895
114816 -897
115072 -899
115328 -901
115584 -903
115840 -905
116096 -907
116352 -909
116608 -911
116864 -913
117120 -915
117376 -917
117632 -919
117888 -921
118144 -923
118400 -925
118656 -927
118912 -929
119168 -931
119424 -933
119680 -935
119936 -937
120192 -939
120448 -941
120704 -943
120960 -945
121216 -947
121472 -949
121728 -951
121984 -953
122240 -955
122496 -957
122752 -959
123008 -961
123264 -963
123520 -965
123776 -967
124032 -969
124288 -971
124544 -973
124800 -975
125056 -977
125312 -979
125568 -981
125824 -983
126080 -985
126336 -987
126592 -989
126848 -991
127104 -993
127360 -995
127616 -997
127872 -999
128128 -1001
128384 -1003
128640 -1005
128896 -1007
129152 -1009
129408 -1011
129664 -1013
129920 -1015
130176 -1017
130432 -1019
130688 -1021
130944 -1023
131200 -1025
131456 -1027
131712 -1029
131968 -1031
132224 -1033
132480 -1035
132736 -1037
132992 -1039
133248 -1041
133504 -1043
133760 -1045
134016 -1047
134272 -1049
134528 -1051
134784 -1053
135040 -1055
135296 -1057
135552 -1059
135808 -1061
136064 -1063
136320 -1065
136576 -1067
136832 -1069
137088 -1071
137344 -1073
137600 -1075
137856 -1077
138112 -1079
138368 -1081
138624 -1083
138880 -1085
139136 -1087
139392 -1089
139648 -1091
139904 -1093
140160 -1095
140416 -1097
140672 -1099
140928 -1101
141184 -1103
141440 -1105
141696 -1107
141952 -1109
142208 -1111
142464 -1113
142720 -1115
142976 -1117
143232 -1119
143488 -1121
143744 -1123
144000 -1125
144256 -1127
144512 -1129
144768 -1131
145024 -1133
145280 -1135
145536 -1137
145792 -1139
146048 -1141
146304 -1143
146560 -1145
146816 -1147
147072 -1149
147328 -1151
147584 -1153
147840 -1155
148096 -1157
148352 -1159
148608 -1161
148864 -1163
149120 -1165
149376 -1167
149632 -1169
149888 -1171
150144 -1173
150400 -1175
150656 -1177
150912 -1179
151168 -1181
151424 -1183
151680 -1185
151936 -1187
152192 -1189
152448 -1191
152704 -1193
152960 -1195
153216 -1197
153472 -1199
153728 -1201
153984 -1203
154240 -1205
154496 -1207
154752 -1209
155008 -1211
155264 -1213
155520 -1215
155776 -1217
156032 -1219
156288 -1221
156544 -1223
156800 -1225
157056 -1227
157312 -1229
157568 -1231
157824 -1233
158080 -1235
158336 -1237
158592 -1239
158848 -1241
159104 -1243
159360 -1245
159616 -1247
159872 -1249
160128 -1251
160384 -1253
160640 -1255
160896 -1257
161152 -1259
161408 -1261
161664 -1263
161920 -1265
162176 -1267
162432 -1269
162688 -1271
162944 -1273
163200 -1275
163456 -1277
163712 -1279
163968 -1281
164224 -1283
164480 -1285
164736 -1287
164992 -1289
165248 -1291
165504 -1293
165760 -1295
166016 -1297
166272 -1299
166528 -1301
166784 -1303
167040 -1305
167296 -1307
167552 -1309
167808 -1311
168064 -1313
168320 -1315
168576 -1317
168832 -1319
169088 -1321
169344 -1323
169600 -1325
169856 -1327
170112 -1329
170368 -1331
170624 -1333
170880 -1335
171136 -1337
171392 -1339
171648 -1341
171904 -1343
172160 -1345
172416 -1347
172672 -1349
172928 -1351
173184 -1353
173440 -1355
173696 -1357
173952 -1359
174208 -1361
174464 -1363
174720 -1365
174976 -1367
175232 -1369
175488 -1371
175744 -1373
176000 -1375
176256 -1377
176512 -1379
176768 -1381
177024 -1383
177280 -1385
177536 -1387
177792 -1389
178048 -1391
178304 -1393
178560 -1395
178816 -1397
179072 -1399
179328 -1401
179584 -1403
179840 -1405
180096 -1407
180352 -1409
180608 -1411
180864 -1413
181120 -1415
181376 -1417
181632 -1419
181888 -1421
182144 -1423
182400 -1425
182656 -1427
182912 -1429
183168 -1431
183424 -1433
183680 -1435
183936 -1437
184192 -1439
184448 -1441
184704 -1443
184960 -1445
185216 -1447
185472 -1449
185728 -1451
185984 -1453
186240 -1455
186496 -1457
186752 -1459
187008 -1461
187264 -1463
187520 -1465
187776 -1467
188032 -1469
188288 -1471
188544 -1473
188800 -1475
189056 -1477
189312 -1479
189568 -1481
189824 -1483
190080 -1485
190336 -1487
190592 -1489
190848 -1491
191104 -1493
191360 -1495
191616 -1497
191872 -1499
192128 -1501
192384 -1503
192640 -1505
192896 -1507
193152 -1509
193408 -1511
193664 -1513
193920 -1515
194176 -1517
194432 -1519
194688 -1521
194944 -1523
195200 -1525
195456 -1527
195712 -1529
195968 -1531
196224 -1533
196480 -1535
196736 -1537
196992 -1539
197248 -1541
197504 -1543
197760 -1545
198016 -1547
198272 -1549
198528 -1551
198784 -1553
199040 -1555
199296 -1557
199552 -1559
199808 -1561
200064 -1563
200320 -1565
200576 -1567
200832 -1569
201088 -1571
201344 -1573
201600 -1575
201856 -1577
202112 -1579
202368 -1581
202624 -1583
202880 -1585
203136 -1587
203392 -1589
203648 -1591
203904 -1593
204160 -1595
204416 -1597
204672 -1599
204928 -1601
205184 -1603
205440 -1605
205696 -1607
205952 -1609
206208 -1611
206464 -1613
206720 -1615
206976 -1617
207232 -1619
207488 -1621
207744 -1623
208000 -1625
208256 -1627
208512 -1629
208768 -1631
209024 -1633
209280 -1635
209536 -1637
209792 -1639
210048 -1641
210304 -1643
210560 -1645
210816 -1647
211072 -1649
211328 -1651
211584 -1653
211840 -1655
212096 -1657
212352 -1659
212608 -1661
212864 -1663
213120 -1665
213376 -1667
213632 -1669
213888 -1671
214144 -1673
214400 -1675
214656 -1677
214912 -1679
215168 -1681
215424 -1683
215680 -1685
215936 -1687
216192 -1689
216448 -1691
216704 -1693
216960 -1695
217216 -1697
217472 -1699
217728 -1701
217984 -1703
218240 -1705
218496 -1707
218752 -1709
219008 -1711
219264 -1713
219520 -1715
219776 -1717
220032 -1719
220288 -1721
220544 -1723
220800 -1725
221056 -1727
221312 -1729
221568 -1731
221824 -1733
222080 -1735
222336 -1737
222592 -1739
222848 -1741
223104 -1743
223360 -1745
223616 -1747
223872 -1749
224128 -1751
224384 -1753
224640 -1755
224896 -1757
225152 -1759
225408 -1761
225664 -1763
225920 -1765
226176 -1767
226432 -1769
226688 -1771
226944 -1773
227200 -1775
227456 -1777
227712 -1779
227968 -1781
228224 -1783
228480 -1785
228736 -1787
228992 -1789
229248 -1791
229504 -1793
229760 -1795
230016 -1797
230272 -1799
230528 -1801
230784 -1803
231040 -1805
231296 -1807
231552 -1809
231808 -1811
232064 -1813
232320 -1815
232576 -1817
232832 -1819
233088 -1821
233344 -1823
233600 -1825
233856 -1827
234112 -1829
234368 -1831
234624 -1833
234880 -1835
235136 -1837
235392 -1839
235648 -1841
235904 -1843
236160 -1845
236416 -1847
236672 -1849
236928 -1851
237184 -1853
237440 -1855
237696 -1857
237952 -1859
238208 -1861
238464 -1863
238720 -1865
238976 -1867
239232 -1869
239488 -1871
239744 -1873
240000 -1875
240256 -1877
240512 -1879
240768 -1881
241024 -1883
241280 -1885
241536 -1887
241792 -1889
242048 -1891
242304 -1893
242560 -1895
242816 -1897
243072 -1899
243328 -1901
243584 -1903
243840 -1905
244096 -1907
244352 -1909
244608 -1911
244864 -1913
245120 -1915
245376 -1917
245632 -1919
245888 -1921
246144 -1923
246400 -1925
246656 -1927
246912 -1929
247168 -1931
247424 -1933
247680 -1935
247936 -1937
248192 -1939
248448 -1941
248704 -1943
248960 -1945
249216 -1947
249472 -1949
249728 -1951
249984 -1953
250240 -1955
250496 -1957
250752 -1959
251008 -1961
251264 -1963
251520 -1965
251776 -1967
252032 -1969
252288 -1971
252544 -1973
252800 -1975
253056 -1977
253312 -1979
253568 -1981
253824 -1983
254080 -1985
254336 -1987
254592 -1989
254848 -1991
255104 -1993
255360 -1995
255616 -1997
255872 -1999

256 -1
768 -3
1280 -5
1792 -7
2304 -9
2816 -11
3328 -13
3840 -15
4352 -17
4864 -19
5376 -21
5888 -23
6400 -25
6912 -27
7424 -29
7936 -31
8448 -33
8960 -35
9472 -37
9984 -39
10496 -41
11008 -43
11520 -45
12032 -47
12544 -49
13056 -51
13568 -53
14080 -55
14592 -57
15104 -59
15616 -61
16128 -63
16640 -65
17152 -67
17664 -69
18176 -71
18688 -73
19200 -75
19712 -77
20224 -79
20736 -81
21248 -83
21760 -85
22272 -87
22784 -89
23296 -91
23808 -93
24320 -95
24832 -97
25344 -99
25856 -101
26368 -103
26880 -105
27392 -107
27904 -109
28416 -111
28928 -113
29440 -115
29952 -117
30464 -119
30976 -121
31488 -123
32000 -125
32512 -127
33024 -129
33536 -131
34048 -133
34560 -135
35072 -137
35584 -139
36096 -141
36608 -143
37120 -145
37632 -147
38144 -149
38656 -151
39168 -153
39680 -155
40192 -157
40704 -159
41216 -161
41728 -163
42240 -165
42752 -167
43264 -169
43776 -171
44288 -173
44800 -175
45312 -177
45824 -179
46336 -181
46848 -183
47360 -185
47872 -187
48384 -189
48896 -191
49408 -193
49920 -195
50432 -197
50944 -199
51456 -201
51968 -203
52480 -205
52992 -207
53504 -209
54016 -211
54528 -213
55040 -215
55552 -217
56064 -219
56576 -221
57088 -223
57600 -225
58112 -227
58624 -229
59136 -231
59648 -233
60160 -235
60672 -237
61184 -239
61696 -241
62208 -243
62720 -245
63232 -247
63744 -249
64256 -251
64768 -253
65280 -255
65792 -257
66304 -259
66816 -261
67328 -263
67840 -265
68352 -267
68864 -269
69376 -271
69888 -273
70400 -275
70912 -277
71424 -279
71936 -281
72448 -283
72960 -285
73472 -287
73984 -289
74496 -291
75008 -293
75520 -295
76032 -297
76544 -299
77056 -301
77568 -303
78080 -305
78592 -307
79104 -309
79616 -311
80128 -313
80640 -315
81152 -317
81664 -319
82176 -321
82688 -323
83200 -325
83712 -327
84224 -329
84736 -331
85248 -333
85760 -335
86272 -337
86784 -339
87296 -341
87808 -343
88320 -345
88832 -347
89344 -349
89856 -351
90368 -353
90880 -355
91392 -357
91904 -359
92416 -361
92928 -363
93440 -365
93952 -367
94464 -369
94976 -371
95488 -373
96000 -375
96512 -377
97024 -379
97536 -381
98048 -383
98560 -385
99072 -387
99584 -389
100096 -391
100608 -393
101120 -395
101632 -397
102144 -399
102656 -401
103168 -403
103680 -405
104192 -407
104704 -409
105216 -411
105728 -413
106240 -415
106752 -417
107264 -419
107776 -421
108288 -423
108800 -425
109312 -427
109824 -429
110336 -431
110848 -433
111360 -435
111872 -437
112384 -439
112896 -441
113408 -443
113920 -445
114432 -447
114944 -449
115456 -451
115968 -453
116480 -455
116992 -457
117504 -459
118016 -461
118528 -463
119040 -465
119552 -467
120064 -469
120576 -471
121088 -473
121600 -475
122112 -477
122624 -479
123136 -481
123648 -483
124160 -485
124672 -487
125184 -489
125696 -491
126208 -493
126720 -495
127232 -497
127744 -499
128256 -501
128768 -503
129280 -505
129792 -507
130304 -509
130816 -511
131328 -513
131840 -515
132352 -517
132864 -519
133376 -521
133888 -523
134400 -525
134912 -527
135424 -529
135936 -531
136448 -533
136960 -535
137472 -537
137984 -539
138496 -541
139008 -543
139520 -545
140032 -547
140544 -549
141056 -551
141568 -553
142080 -555
142592 -557
143104 -559
143616 -561
144128 -563
144640 -565
145152 -567
145664 -569
146176 -571
146688 -573
147200 -575
147712 -577
148224 -579
148736 -581
149248 -583
149760 -585
150272 -587
150784 -589
151296 -591
151808 -593
152320 -595
152832 -597
153344 -599
153856 -601
154368 -603
154880 -605
155392 -607
155904 -609
156416 -611
156928 -613
157440 -615
157952 -617
158464 -619
158976 -621
159488 -623
160000 -625
160512 -627
161024 -629
161536 -631
162048 -633
162560 -635
163072 -637
163584 -639
164096 -641
164608 -643
165120 -645
165632 -647
166144 -649
166656 -651
167168 -653
167680 -655
168192 -657
168704 -659
169216 -661
169728 -663
170240 -665
170752 -667
171264 -669
171776 -671
172288 -673
172800 -675
173312 -677
173824 -679
174336 -681
174848 -683
175360 -685
175872 -687
176384 -689
176896 -691
177408 -693
177920 -695
178432 -697
178944 -699
179456 -701
179968 -703
180480 -705
180992 -707
181504 -709
182016 -711
182528 -713
183040 -715
183552 -717
184064 -719
184576 -721
185088 -723
185600 -725
186112 -727
186624 -729
187136 -731
187648 -733
188160 -735
188672 -737
189184 -739
189696 -741
190208 -743
190720 -745
191232 -747
191744 -749
192256 -751
192768 -753
193280 -755
193792 -757
194304 -759
194816 -761
195328 -763
195840 -765
196352 -767
196864 -769
197376 -771
197888 -773
198400 -775
198912 -777
199424 -779
199936 -781
200448 -783
200960 -785
201472 -787
201984 -789
202496 -791
203008 -793
203520 -795
204032 -797
204544 -799
205056 -801
205568 -803
206080 -805
206592 -807
207104 -809
207616 -811
208128 -813
208640 -815
209152 -817
209664 -819
210176 -821
210688 -823
211200 -825
211712 -827
212224 -829
212736 -831
213248 -833
213760 -835
214272 -837
214784 -839
215296 -841
215808 -843
216320 -845
216832 -847
217344 -849
217856 -851
218368 -853
218880 -855
219392 -857
219904 -859
220416 -861
220928 -863
221440 -865
221952 -867
222464 -869
222976 -871
223488 -873
224000 -875
224512 -877
225024 -879
225536 -881
226048 -883
226560 -885
227072 -887
227584 -889
228096 -891
228608 -893
229120 -895
229632 -897
230144 -899
230656 -901
231168 -903
231680 -905
232192 -907
232704 -909
233216 -911
233728 -913
234240 -915
234752 -917
235264 -919
235776 -921
236288 -923
236800 -925
237312 -927
237824 -929
238336 -931
238848 -933
239360 -935
239872 -937
240384 -939
240896 -941
241408 -943
241920 -945
242432 -947
242944 -949
243456 -951
243968 -953
244480 -955
244992 -957
245504 -959
246016 -961
246528 -963
247040 -965
247552 -967
248064 -969
248576 -971
249088 -973
249600 -975
250112 -977
250624 -979
251136 -981
251648 -983
252160 -985
252672 -987
253184 -989
253696 -991
254208 -993
254720 -995
255232 -997
255744 -999
256256 -1001
256768 -1003
257280 -1005
257792 -1007
258304 -1009
258816 -1011
259328 -1013
259840 -1015
260352 -1017
260864 -1019
261376 -1021
261888 -1023
262400 -1025
262912 -1027
263424 -1029
263936 -1031
264448 -1033
264960 -1035
265472 -1037
265984 -1039
266496 -1041
267008 -1043
267520 -1045
268032 -1047
268544 -1049
269056 -1051
269568 -1053
270080 -1055
270592 -1057
271104 -1059
271616 -1061
272128 -1063
272640 -1065
273152 -1067
273664 -1069
274176 -1071
274688 -1073
275200 -1075
275712 -1077
276224 -1079
276736 -1081
277248 -1083
277760 -1085
278272 -1087
278784 -1089
279296 -1091
279808 -1093
280320 -1095
280832 -1097
281344 -1099
281856 -1101
282368 -1103
282880 -1105
283392 -1107
283904 -1109
284416 -1111
284928 -1113
285440 -1115
285952 -1117
286464 -1119
286976 -1121
287488 -1123
288000 -1125
288512 -1127
289024 -1129
289536 -1131
290048 -1133
290560 -1135
291072 -1137
291584 -1139
292096 -1141
292608 -1143
293120 -1145
293632 -1147
294144 -1149
294656 -1151
295168 -1153
295680 -1155
296192 -1157
296704 -1159
297216 -1161
297728 -1163
298240 -1165
298752 -1167
299264 -1169
299776 -1171

512 -1
1536 -3
2560 -5
3584 -7
4608 -9
5632 -11
6656 -13
7680 -15
8704 -17
9728 -19
10752 -21
11776 -23
12800 -25
13824 -27
14848 -29
15872 -31
16896 -33
17920 -35
18944 -37
19968 -39
20992 -41
22016 -43
23040 -45
24064 -47
25088 -49
26112 -51
27136 -53
28160 -55
29184 -57
30208 -59
31232 -61
32256 -63
33280 -65
34304 -67
35328 -69
36352 -71
37376 -73
38400 -75
39424 -77
40448 -79
41472 -81
42496 -83
43520 -85
44544 -87
45568 -89
46592 -91
47616 -93
48640 -95
49664 -97
50688 -99
51712 -101
52736 -103
53760 -105
54784 -107
55808 -109
56832 -111
57856 -113
58880 -115
59904 -117
60928 -119
61952 -121
62976 -123
64000 -125
65024 -127
66048 -129
67072 -131
68096 -133
69120 -135
70144 -137
71168 -139
72192 -141
73216 -143
74240 -145
75264 -147
76288 -149
77312 -151
78336 -153
79360 -155
80384 -157
81408 -159
82432 -161
83456 -163
84480 -165
85504 -167
86528 -169
87552 -171
88576 -173
89600 -175
90624 -177
91648 -179
92672 -181
93696 -183
94720 -185
95744 -187
96768 -189
97792 -191
98816 -193
99840 -195
100864 -197
101888 -199
102912 -201
103936 -203
104960 -205
105984 -207
107008 -209
108032 -211
109056 -213
110080 -215
111104 -217
112128 -219
113152 -221
114176 -223
115200 -225
116224 -227
117248 -229
118272 -231
119296 -233
120320 -235
121344 -237
122368 -239
123392 -241
124416 -243
125440 -245
126464 -247
127488 -249
128512 -251
129536 -253
130560 -255
131584 -257
132608 -259
133632 -261
134656 -263
135680 -265
136704 -267
137728 -269
138752 -271
139776 -273
140800 -275
141824 -277
142848 -279
143872 -281
144896 -283
145920 -285
146944 -287
147968 -289
148992 -291
150016 -293
151040 -295
152064 -297
153088 -299
154112 -301
155136 -303
156160 -305
157184 -307
158208 -309
159232 -311
160256 -313
161280 -315
162304 -317
163328 -319
164352 -321
165376 -323
166400 -325
167424 -327
168448 -329
169472 -331
170496 -333
171520 -335
172544 -337
173568 -339
174592 -341
175616 -343
176640 -345
177664 -347
178688 -349
179712 -351
180736 -353
181760 -355
182784 -357
183808 -359
184832 -361
185856 -363
186880 -365
187904 -367
188928 -369
189952 -371
190976 -373
192000 -375
193024 -377
194048 -379
195072 -381
196096 -383
197120 -385
198144 -387
199168 -389
200192 -391
201216 -393
202240 -395
203264 -397
204288 -399
205312 -401
206336 -403
207360 -405
208384 -407
209408 -409
210432 -411
211456 -413
212480 -415
213504 -417
214528 -419
215552 -421
216576 -423
217600 -425
218624 -427
219648 -429
220672 -431
221696 -433
222720 -435
223744 -437
224768 -439
225792 -441
226816 -443
227840 -445
228864 -447
229888 -449
230912 -451
231936 -453
232960 -455
233984 -457
235008 -459
236032 -461
237056 -463
238080 -465
239104 -467
240128 -469
241152 -471
242176 -473
243200 -475
244224 -477
245248 -479
246272 -481
247296 -483
248320 -485
249344 -487
250368 -489
251392 -491
252416 -493
253440 -495
254464 -497
255488 -499
256512 -501
257536 -503
258560 -505
259584 -507
260608 -509
261632 -511
262656 -513
263680 -515
264704 -517
265728 -519
266752 -521
267776 -523
268800 -525
269824 -527
270848 -529
271872 -531
272896 -533
273920 -535
274944 -537
275968 -539
276992 -541
278016 -543
279040 -545
280064 -547
281088 -549
282112 -551
283136 -553
284160 -555
285184 -557
286208 -559
287232 -561
288256 -563
289280 -565
290304 -567
291328 -569
292352 -571
293376 -573
294400 -575
295424 -577
296448 -579
297472 -581
298496 -583
299520 -585

