1 1024
3 3072
5 5120
7 7168
9 9216
11 11264
13 13312
15 15360
17 17408
19 19456
21 21504
23 23552
25 25600
27 27648
29 29696
31 31744
33 33792
35 35840
37 37888
39 39936
41 41984
43 44032
45 46080
47 48128
49 50176
51 52224
53 54272
55 56320
57 58368
59 60416
61 62464
63 64512
65 66560
67 68608
69 70656
71 72704
73 74752
75 76800
77 78848
79 80896
81 82944
83 84992
85 87040
87 89088
89 91136
91 93184
93 95232
95 97280
97 99328
99 101376
101 103424
103 105472
105 107520
107 109568
109 111616
111 113664
113 115712
115 117760
117 119808
119 121856
121 123904
123 125952
125 128000
127 130048
129 132096
131 134144
133 136192
135 138240
137 140288
139 142336
141 144384
143 146432
145 148480
147 150528
149 152576
151 154624
153 156672
155 158720
157 160768
159 162816
161 164864
163 166912
165 168960
167 171008
169 173056
171 175104
173 177152
175 179200
177 181248
179 183296
181 185344
183 187392
185 189440
187 191488
189 193536
191 195584
193 197632
195 199680
197 201728
199 203776
201 205824
203 207872
205 209920
207 211968
209 214016
211 216064
213 218112
215 220160
217 222208
219 224256
221 226304
223 228352
225 230400
227 232448
229 234496
231 236544
233 238592
235 240640
237 242688
239 244736
241 246784
243 248832
245 250880
247 252928
249 254976
251 257024
253 259072
255 261120
257 263168
259 265216
261 267264
263 269312
265 271360
267 273408
269 275456
271 277504
273 279552
275 281600
277 283648
279 285696
281 287744
283 289792
285 291840
287 293888
289 295936
291 297984
