

13 52
17 17

31 124
41 41

49 196
65 65

67 268
89 89

85 340
113 113

103 412
137 137

121 484
161 161

139 556
185 185

157 628
209 209

175 700
233 233

193 772
257 257

211 844
281 281

229 916
305 305

247 988
329 329

265 1060
353 353

283 1132
377 377

301 1204
401 401

319 1276
425 425

337 1348
449 449

355 1420
473 473

373 1492
497 497

391 1564
521 521

409 1636
545 545

427 1708
569 569

445 1780
593 593

463 1852
617 617

481 1924
641 641

499 1996
665 665

517 2068
689 689

535 2140
713 713

553 2212
737 737

571 2284
761 761

589 2356
785 785

607 2428
809 809

625 2500
833 833

643 2572
857 857

661 2644
881 881

679 2716
905 905

697 2788
929 929

715 2860
953 953

733 2932
977 977

751 3004
1001 1001

769 3076
1025 1025

787 3148
1049 1049

805 3220
1073 1073

823 3292
1097 1097

841 3364
1121 1121

859 3436
1145 1145

877 3508
1169 1169

895 3580
1193 1193

913 3652
1217 1217

931 3724
1241 1241

949 3796
1265 1265

967 3868
1289 1289

985 3940
1313 1313

1003 4012
1337 1337

1021 4084
1361 1361

1039 4156
1385 1385

1057 4228
1409 1409

1075 4300
1433 1433

1093 4372
1457 1457

1111 4444
1481 1481

1129 4516
1505 1505

1147 4588
1529 1529

1165 4660
1553 1553

1183 4732
1577 1577

1201 4804
1601 1601

1219 4876
1625 1625

1237 4948
1649 1649

1255 5020
1673 1673

1273 5092
1697 1697

1291 5164
1721 1721

1309 5236
1745 1745

1327 5308
1769 1769

1345 5380
1793 1793

1363 5452
1817 1817

1381 5524
1841 1841

1399 5596
1865 1865

1417 5668
1889 1889

1435 5740
1913 1913

1453 5812
1937 1937

1471 5884
1961 1961

1489 5956
1985 1985

1507 6028
2009 2009

1525 6100
2033 2033

1543 6172
2057 2057

1561 6244
2081 2081

1579 6316
2105 2105

1597 6388
2129 2129

1615 6460
2153 2153

1633 6532
2177 2177

1651 6604
2201 2201

1669 6676
2225 2225

1687 6748
2249 2249

1705 6820
2273 2273

1723 6892
2297 2297

1741 6964
2321 2321

1759 7036
2345 2345

1777 7108
2369 2369

1795 7180
2393 2393

1813 7252
2417 2417

1831 7324
2441 2441

1849 7396
2465 2465

1867 7468
2489 2489

1885 7540
2513 2513

1903 7612
2537 2537

1921 7684
2561 2561

1939 7756
2585 2585

1957 7828
2609 2609

1975 7900
2633 2633

1993 7972
2657 2657



1 16
5 5

19 304
101 101

37 592
197 197

55 880
293 293

73 1168
389 389

91 1456
485 485

109 1744
581 581

127 2032
677 677

145 2320
773 773

163 2608
869 869

181 2896
965 965

199 3184
1061 1061

217 3472
1157 1157

235 3760
1253 1253

253 4048
1349 1349

271 4336
1445 1445

289 4624
1541 1541

307 4912
1637 1637

325 5200
1733 1733

343 5488
1829 1829

361 5776
1925 1925

379 6064
2021 2021

397 6352
2117 2117

415 6640
2213 2213

433 6928
2309 2309

451 7216
2405 2405

469 7504
2501 2501

487 7792
2597 2597

505 8080
2693 2693

523 8368
2789 2789

541 8656
2885 2885

559 8944
2981 2981

577 9232
3077 3077

595 9520
3173 3173

613 9808
3269 3269

631 10096
3365 3365

649 10384
3461 3461

667 10672
3557 3557

685 10960
3653 3653

703 11248
3749 3749

721 11536
3845 3845

739 11824
3941 3941

757 12112
4037 4037

775 12400
4133 4133

793 12688
4229 4229

811 12976
4325 4325

829 13264
4421 4421

847 13552
4517 4517

865 13840
4613 4613

883 14128
4709 4709

901 14416
4805 4805

919 14704
4901 4901

937 14992
4997 4997

955 15280
5093 5093

973 15568
5189 5189

991 15856
5285 5285

1009 16144
5381 5381

1027 16432
5477 5477

1045 16720
5573 5573

1063 17008
5669 5669

1081 17296
5765 5765

1099 17584
5861 5861

1117 17872
5957 5957

1135 18160
6053 6053

1153 18448
6149 6149

1171 18736
6245 6245

1189 19024
6341 6341

1207 19312
6437 6437

1225 19600
6533 6533

1243 19888
6629 6629

1261 20176
6725 6725

1279 20464
6821 6821

1297 20752
6917 6917

1315 21040
7013 7013

1333 21328
7109 7109

1351 21616
7205 7205

1369 21904
7301 7301

1387 22192
7397 7397

1405 22480
7493 7493

1423 22768
7589 7589

1441 23056
7685 7685

1459 23344
7781 7781

1477 23632
7877 7877

1495 23920
7973 7973

1513 24208
8069 8069

1531 24496
8165 8165

1549 24784
8261 8261

1567 25072
8357 8357

1585 25360
8453 8453

1603 25648
8549 8549

1621 25936
8645 8645

1639 26224
8741 8741

1657 26512
8837 8837

1675 26800
8933 8933

1693 27088
9029 9029

1711 27376
9125 9125

1729 27664
9221 9221

1747 27952
9317 9317

1765 28240
9413 9413

1783 28528
9509 9509

1801 28816
9605 9605

1819 29104
9701 9701

1837 29392
9797 9797

1855 29680
9893 9893

1873 29968
9989 9989

1891 30256
10085 10085

1909 30544
10181 10181

1927 30832
10277 10277

1945 31120
10373 10373

1963 31408
10469 10469

1981 31696
10565 10565

1999 31984
10661 10661



7 448
149 149

25 1600
533 533

43 2752
917 917

61 3904
1301 1301

79 5056
1685 1685

97 6208
2069 2069

115 7360
2453 2453

133 8512
2837 2837

151 9664
3221 3221

169 10816
3605 3605

187 11968
3989 3989

205 13120
4373 4373

223 14272
4757 4757

241 15424
5141 5141

259 16576
5525 5525

277 17728
5909 5909

295 18880
6293 6293

313 20032
6677 6677

331 21184
7061 7061

349 22336
7445 7445

367 23488
7829 7829

385 24640
8213 8213

403 25792
8597 8597

421 26944
8981 8981

439 28096
9365 9365

457 29248
9749 9749

475 30400
10133 10133

493 31552
10517 10517

511 32704
10901 10901

529 33856
11285 11285

547 35008
11669 11669

565 36160
12053 12053

583 37312
12437 12437

601 38464
12821 12821

619 39616
13205 13205

637 40768
13589 13589

655 41920
13973 13973

673 43072
14357 14357

691 44224
14741 14741

709 45376
15125 15125

727 46528
15509 15509

745 47680
15893 15893

763 48832
16277 16277

781 49984
16661 16661

799 51136
17045 17045

817 52288
17429 17429

835 53440
17813 17813

853 54592
18197 18197

871 55744
18581 18581

889 56896
18965 18965

907 58048
19349 19349

925 59200
19733 19733

943 60352
20117 20117

961 61504
20501 20501

979 62656
20885 20885

997 63808
21269 21269

1015 64960
21653 21653

1033 66112
22037 22037

1051 67264
22421 22421

1069 68416
22805 22805

1087 69568
23189 23189

1105 70720
23573 23573

1123 71872
23957 23957

1141 73024
24341 24341

1159 74176
24725 24725

1177 75328
25109 25109

1195 76480
25493 25493

1213 77632
25877 25877

1231 78784
26261 26261

1249 79936
26645 26645

1267 81088
27029 27029

1285 82240
27413 27413

1303 83392
27797 27797

1321 84544
28181 28181

1339 85696
28565 28565

1357 86848
28949 28949

1375 88000
29333 29333

1393 89152
29717 29717

1411 90304
30101 30101

1429 91456
30485 30485

1447 92608
30869 30869

1465 93760
31253 31253

1483 94912
31637 31637

1501 96064
32021 32021

1519 97216
32405 32405

1537 98368
32789 32789

1555 99520
33173 33173

1573 100672
33557 33557

1591 101824
33941 33941

1609 102976
34325 34325

1627 104128
34709 34709

1645 105280
35093 35093

1663 106432
35477 35477

1681 107584
35861 35861

1699 108736
36245 36245

1717 109888
36629 36629

1735 111040
37013 37013

1753 112192
37397 37397

1771 113344
37781 37781

1789 114496
38165 38165

1807 115648
38549 38549

1825 116800
38933 38933

1843 117952
39317 39317

1861 119104
39701 39701

1879 120256
40085 40085

1897 121408
40469 40469

1915 122560
40853 40853

1933 123712
41237 41237

1951 124864
41621 41621

1969 126016
42005 42005

1987 127168
42389 42389



13 3328
1109 1109

31 7936
2645 2645

49 12544
4181 4181

67 17152
5717 5717

85 21760
7253 7253

103 26368
8789 8789

121 30976
10325 10325

139 35584
11861 11861

157 40192
13397 13397

175 44800
14933 14933

193 49408
16469 16469

211 54016
18005 18005

229 58624
19541 19541

247 63232
21077 21077

265 67840
22613 22613

283 72448
24149 24149

301 77056
25685 25685

319 81664
27221 27221

337 86272
28757 28757

355 90880
30293 30293

373 95488
31829 31829

391 100096
33365 33365

409 104704
34901 34901

427 109312
36437 36437

445 113920
37973 37973

463 118528
39509 39509

481 123136
41045 41045

499 127744
42581 42581

517 132352
44117 44117

535 136960
45653 45653

553 141568
47189 47189

571 146176
48725 48725

589 150784
50261 50261

607 155392
51797 51797

625 160000
53333 53333

643 164608
54869 54869

661 169216
56405 56405

679 173824
57941 57941

697 178432
59477 59477

715 183040
61013 61013

733 187648
62549 62549

751 192256
64085 64085

769 196864
65621 65621

787 201472
67157 67157

805 206080
68693 68693

823 210688
70229 70229

841 215296
71765 71765

859 219904
73301 73301

877 224512
74837 74837

895 229120
76373 76373

913 233728
77909 77909

931 238336
79445 79445

949 242944
80981 80981

967 247552
82517 82517

985 252160
84053 84053

1003 256768
85589 85589

1021 261376
87125 87125

1039 265984
88661 88661

1057 270592
90197 90197

1075 275200
91733 91733

1093 279808
93269 93269

1111 284416
94805 94805

1129 289024
96341 96341

1147 293632
97877 97877

1165 298240
99413 99413



1 1024
341 341

19 19456
6485 6485

37 37888
12629 12629

55 56320
18773 18773

73 74752
24917 24917

91 93184
31061 31061

109 111616
37205 37205

127 130048
43349 43349

145 148480
49493 49493

163 166912
55637 55637

181 185344
61781 61781

199 203776
67925 67925

217 222208
74069 74069

235 240640
80213 80213

253 259072
86357 86357

271 277504
92501 92501

289 295936
98645 98645


