4 -1
1 -1

28 -7
9 -9

52 -13
17 -17

76 -19
25 -25

100 -25
33 -33

124 -31
41 -41

148 -37
49 -49

172 -43
57 -57

196 -49
65 -65

220 -55
73 -73

244 -61
81 -81

268 -67
89 -89

292 -73
97 -97

316 -79
105 -105

340 -85
113 -113

364 -91
121 -121

388 -97
129 -129

412 -103
137 -137

436 -109
145 -145

460 -115
153 -153

484 -121
161 -161

508 -127
169 -169

532 -133
177 -177

556 -139
185 -185

580 -145
193 -193

604 -151
201 -201

628 -157
209 -209

652 -163
217 -217

676 -169
225 -225

700 -175
233 -233

724 -181
241 -241

748 -187
249 -249

772 -193
257 -257

796 -199
265 -265

820 -205
273 -273

844 -211
281 -281

868 -217
289 -289

892 -223
297 -297

916 -229
305 -305

940 -235
313 -313

964 -241
321 -321

988 -247
329 -329

1012 -253
337 -337

1036 -259
345 -345

1060 -265
353 -353

1084 -271
361 -361

1108 -277
369 -369

1132 -283
377 -377

1156 -289
385 -385

1180 -295
393 -393

1204 -301
401 -401

1228 -307
409 -409

1252 -313
417 -417

1276 -319
425 -425

1300 -325
433 -433

1324 -331
441 -441

1348 -337
449 -449

1372 -343
457 -457

1396 -349
465 -465

1420 -355
473 -473

1444 -361
481 -481

1468 -367
489 -489

1492 -373
497 -497

1516 -379
505 -505

1540 -385
513 -513

1564 -391
521 -521

1588 -397
529 -529

1612 -403
537 -537

1636 -409
545 -545

1660 -415
553 -553

1684 -421
561 -561

1708 -427
569 -569

1732 -433
577 -577

1756 -439
585 -585

1780 -445
593 -593

1804 -451
601 -601

1828 -457
609 -609

1852 -463
617 -617

1876 -469
625 -625

1900 -475
633 -633

1924 -481
641 -641

1948 -487
649 -649

1972 -493
657 -657

1996 -499
665 -665

2020 -505
673 -673

2044 -511
681 -681

2068 -517
689 -689

2092 -523
697 -697

2116 -529
705 -705

2140 -535
713 -713

2164 -541
721 -721

2188 -547
729 -729

2212 -553
737 -737

2236 -559
745 -745

2260 -565
753 -753

2284 -571
761 -761

2308 -577
769 -769

2332 -583
777 -777

2356 -589
785 -785

2380 -595
793 -793

2404 -601
801 -801

2428 -607
809 -809

2452 -613
817 -817

2476 -619
825 -825

2500 -625
833 -833

2524 -631
841 -841

2548 -637
849 -849

2572 -643
857 -857

2596 -649
865 -865

2620 -655
873 -873

2644 -661
881 -881

2668 -667
889 -889

2692 -673
897 -897

2716 -679
905 -905

2740 -685
913 -913

2764 -691
921 -921

2788 -697
929 -929

2812 -703
937 -937

2836 -709
945 -945

2860 -715
953 -953

2884 -721
961 -961

2908 -727
969 -969

2932 -733
977 -977

2956 -739
985 -985

2980 -745
993 -993

3004 -751
1001 -1001

3028 -757
1009 -1009

3052 -763
1017 -1017

3076 -769
1025 -1025

3100 -775
1033 -1033

3124 -781
1041 -1041

3148 -787
1049 -1049

3172 -793
1057 -1057

3196 -799
1065 -1065

3220 -805
1073 -1073

3244 -811
1081 -1081

3268 -817
1089 -1089

3292 -823
1097 -1097

3316 -829
1105 -1105

3340 -835
1113 -1113

3364 -841
1121 -1121

3388 -847
1129 -1129

3412 -853
1137 -1137

3436 -859
1145 -1145

3460 -865
1153 -1153

3484 -871
1161 -1161

3508 -877
1169 -1169

3532 -883
1177 -1177

3556 -889
1185 -1185

3580 -895
1193 -1193

3604 -901
1201 -1201

3628 -907
1209 -1209

3652 -913
1217 -1217

3676 -919
1225 -1225

3700 -925
1233 -1233

3724 -931
1241 -1241

3748 -937
1249 -1249

3772 -943
1257 -1257

3796 -949
1265 -1265

3820 -955
1273 -1273

3844 -961
1281 -1281

3868 -967
1289 -1289

3892 -973
1297 -1297

3916 -979
1305 -1305

3940 -985
1313 -1313

3964 -991
1321 -1321

3988 -997
1329 -1329

4012 -1003
1337 -1337

4036 -1009
1345 -1345

4060 -1015
1353 -1353

4084 -1021
1361 -1361

4108 -1027
1369 -1369

4132 -1033
1377 -1377

4156 -1039
1385 -1385

4180 -1045
1393 -1393

4204 -1051
1401 -1401

4228 -1057
1409 -1409

4252 -1063
1417 -1417

4276 -1069
1425 -1425

4300 -1075
1433 -1433

4324 -1081
1441 -1441

4348 -1087
1449 -1449

4372 -1093
1457 -1457

4396 -1099
1465 -1465

4420 -1105
1473 -1473

4444 -1111
1481 -1481

4468 -1117
1489 -1489

4492 -1123
1497 -1497

4516 -1129
1505 -1505

4540 -1135
1513 -1513

4564 -1141
1521 -1521

4588 -1147
1529 -1529

4612 -1153
1537 -1537

4636 -1159
1545 -1545

4660 -1165
1553 -1553

4684 -1171
1561 -1561

4708 -1177
1569 -1569

4732 -1183
1577 -1577

4756 -1189
1585 -1585

4780 -1195
1593 -1593

4804 -1201
1601 -1601

4828 -1207
1609 -1609

4852 -1213
1617 -1617

4876 -1219
1625 -1625

4900 -1225
1633 -1633

4924 -1231
1641 -1641

4948 -1237
1649 -1649

4972 -1243
1657 -1657

4996 -1249
1665 -1665

5020 -1255
1673 -1673

5044 -1261
1681 -1681

5068 -1267
1689 -1689

5092 -1273
1697 -1697

5116 -1279
1705 -1705

5140 -1285
1713 -1713

5164 -1291
1721 -1721

5188 -1297
1729 -1729

5212 -1303
1737 -1737

5236 -1309
1745 -1745

5260 -1315
1753 -1753

5284 -1321
1761 -1761

5308 -1327
1769 -1769

5332 -1333
1777 -1777

5356 -1339
1785 -1785

5380 -1345
1793 -1793

5404 -1351
1801 -1801

5428 -1357
1809 -1809

5452 -1363
1817 -1817

5476 -1369
1825 -1825

5500 -1375
1833 -1833

5524 -1381
1841 -1841

5548 -1387
1849 -1849

5572 -1393
1857 -1857

5596 -1399
1865 -1865

5620 -1405
1873 -1873

5644 -1411
1881 -1881

5668 -1417
1889 -1889

5692 -1423
1897 -1897

5716 -1429
1905 -1905

5740 -1435
1913 -1913

5764 -1441
1921 -1921

5788 -1447
1929 -1929

5812 -1453
1937 -1937

5836 -1459
1945 -1945

5860 -1465
1953 -1953

5884 -1471
1961 -1961

5908 -1477
1969 -1969

5932 -1483
1977 -1977

5956 -1489
1985 -1985

5980 -1495
1993 -1993

6004 -1501
2001 -2001

6028 -1507
2009 -2009

6052 -1513
2017 -2017

6076 -1519
2025 -2025

6100 -1525
2033 -2033

6124 -1531
2041 -2041

6148 -1537
2049 -2049

6172 -1543
2057 -2057

6196 -1549
2065 -2065

6220 -1555
2073 -2073

6244 -1561
2081 -2081

6268 -1567
2089 -2089

6292 -1573
2097 -2097

6316 -1579
2105 -2105

6340 -1585
2113 -2113

6364 -1591
2121 -2121

6388 -1597
2129 -2129

6412 -1603
2137 -2137

6436 -1609
2145 -2145

6460 -1615
2153 -2153

6484 -1621
2161 -2161

6508 -1627
2169 -2169

6532 -1633
2177 -2177

6556 -1639
2185 -2185

6580 -1645
2193 -2193

6604 -1651
2201 -2201

6628 -1657
2209 -2209

6652 -1663
2217 -2217

6676 -1669
2225 -2225

6700 -1675
2233 -2233

6724 -1681
2241 -2241

6748 -1687
2249 -2249

6772 -1693
2257 -2257

6796 -1699
2265 -2265

6820 -1705
2273 -2273

6844 -1711
2281 -2281

6868 -1717
2289 -2289

6892 -1723
2297 -2297

6916 -1729
2305 -2305

6940 -1735
2313 -2313

6964 -1741
2321 -2321

6988 -1747
2329 -2329

7012 -1753
2337 -2337

7036 -1759
2345 -2345

7060 -1765
2353 -2353

7084 -1771
2361 -2361

7108 -1777
2369 -2369

7132 -1783
2377 -2377

7156 -1789
2385 -2385

7180 -1795
2393 -2393

7204 -1801
2401 -2401

7228 -1807
2409 -2409

7252 -1813
2417 -2417

7276 -1819
2425 -2425

7300 -1825
2433 -2433

7324 -1831
2441 -2441

7348 -1837
2449 -2449

7372 -1843
2457 -2457

7396 -1849
2465 -2465

7420 -1855
2473 -2473

7444 -1861
2481 -2481

7468 -1867
2489 -2489

7492 -1873
2497 -2497

7516 -1879
2505 -2505

7540 -1885
2513 -2513

7564 -1891
2521 -2521

7588 -1897
2529 -2529

7612 -1903
2537 -2537

7636 -1909
2545 -2545

7660 -1915
2553 -2553

7684 -1921
2561 -2561

7708 -1927
2569 -2569

7732 -1933
2577 -2577

7756 -1939
2585 -2585

7780 -1945
2593 -2593

7804 -1951
2601 -2601

7828 -1957
2609 -2609

7852 -1963
2617 -2617

7876 -1969
2625 -2625

7900 -1975
2633 -2633

7924 -1981
2641 -2641

7948 -1987
2649 -2649

7972 -1993
2657 -2657

7996 -1999
2665 -2665

