
5 10
3 3

23 46
15 15

41 82
27 27

59 118
39 39

77 154
51 51

95 190
63 63

113 226
75 75

131 262
87 87

149 298
99 99

167 334
111 111

185 370
123 123

203 406
135 135

221 442
147 147

239 478
159 159

257 514
171 171

275 550
183 183

293 586
195 195

311 622
207 207

329 658
219 219

347 694
231 231

365 730
243 243

383 766
255 255

401 802
267 267

419 838
279 279

437 874
291 291

455 910
303 303

473 946
315 315

491 982
327 327

509 1018
339 339

527 1054
351 351

545 1090
363 363

563 1126
375 375

581 1162
387 387

599 1198
399 399

617 1234
411 411

635 1270
423 423

653 1306
435 435

671 1342
447 447

689 1378
459 459

707 1414
471 471

725 1450
483 483

743 1486
495 495

761 1522
507 507

779 1558
519 519

797 1594
531 531

815 1630
543 543

833 1666
555 555

851 1702
567 567

869 1738
579 579

887 1774
591 591

905 1810
603 603

923 1846
615 615

941 1882
627 627

959 1918
639 639

977 1954
651 651

995 1990
663 663

1013 2026
675 675

1031 2062
687 687

1049 2098
699 699

1067 2134
711 711

1085 2170
723 723

1103 2206
735 735

1121 2242
747 747

1139 2278
759 759

1157 2314
771 771

1175 2350
783 783

1193 2386
795 795

1211 2422
807 807

1229 2458
819 819

1247 2494
831 831

1265 2530
843 843

1283 2566
855 855

1301 2602
867 867

1319 2638
879 879

1337 2674
891 891

1355 2710
903 903

1373 2746
915 915

1391 2782
927 927

1409 2818
939 939

1427 2854
951 951

1445 2890
963 963

1463 2926
975 975

1481 2962
987 987

1499 2998
999 999

1517 3034
1011 1011

1535 3070
1023 1023

1553 3106
1035 1035

1571 3142
1047 1047

1589 3178
1059 1059

1607 3214
1071 1071

1625 3250
1083 1083

1643 3286
1095 1095

1661 3322
1107 1107

1679 3358
1119 1119

1697 3394
1131 1131

1715 3430
1143 1143

1733 3466
1155 1155

1751 3502
1167 1167

1769 3538
1179 1179

1787 3574
1191 1191

1805 3610
1203 1203

1823 3646
1215 1215

1841 3682
1227 1227

1859 3718
1239 1239

1877 3754
1251 1251

1895 3790
1263 1263

1913 3826
1275 1275

1931 3862
1287 1287

1949 3898
1299 1299

1967 3934
1311 1311

1985 3970
1323 1323



17 136
45 45

35 280
93 93

53 424
141 141

71 568
189 189

89 712
237 237

107 856
285 285

125 1000
333 333

143 1144
381 381

161 1288
429 429

179 1432
477 477

197 1576
525 525

215 1720
573 573

233 1864
621 621

251 2008
669 669

269 2152
717 717

287 2296
765 765

305 2440
813 813

323 2584
861 861

341 2728
909 909

359 2872
957 957

377 3016
1005 1005

395 3160
1053 1053

413 3304
1101 1101

431 3448
1149 1149

449 3592
1197 1197

467 3736
1245 1245

485 3880
1293 1293

503 4024
1341 1341

521 4168
1389 1389

539 4312
1437 1437

557 4456
1485 1485

575 4600
1533 1533

593 4744
1581 1581

611 4888
1629 1629

629 5032
1677 1677

647 5176
1725 1725

665 5320
1773 1773

683 5464
1821 1821

701 5608
1869 1869

719 5752
1917 1917

737 5896
1965 1965

755 6040
2013 2013

773 6184
2061 2061

791 6328
2109 2109

809 6472
2157 2157

827 6616
2205 2205

845 6760
2253 2253

863 6904
2301 2301

881 7048
2349 2349

899 7192
2397 2397

917 7336
2445 2445

935 7480
2493 2493

953 7624
2541 2541

971 7768
2589 2589

989 7912
2637 2637

1007 8056
2685 2685

1025 8200
2733 2733

1043 8344
2781 2781

1061 8488
2829 2829

1079 8632
2877 2877

1097 8776
2925 2925

1115 8920
2973 2973

1133 9064
3021 3021

1151 9208
3069 3069

1169 9352
3117 3117

1187 9496
3165 3165

1205 9640
3213 3213

1223 9784
3261 3261

1241 9928
3309 3309

1259 10072
3357 3357

1277 10216
3405 3405

1295 10360
3453 3453

1313 10504
3501 3501

1331 10648
3549 3549

1349 10792
3597 3597

1367 10936
3645 3645

1385 11080
3693 3693

1403 11224
3741 3741

1421 11368
3789 3789

1439 11512
3837 3837

1457 11656
3885 3885

1475 11800
3933 3933

1493 11944
3981 3981

1511 12088
4029 4029

1529 12232
4077 4077

1547 12376
4125 4125

1565 12520
4173 4173

1583 12664
4221 4221

1601 12808
4269 4269

1619 12952
4317 4317

1637 13096
4365 4365

1655 13240
4413 4413

1673 13384
4461 4461

1691 13528
4509 4509

1709 13672
4557 4557

1727 13816
4605 4605

1745 13960
4653 4653

1763 14104
4701 4701

1781 14248
4749 4749

1799 14392
4797 4797

1817 14536
4845 4845

1835 14680
4893 4893

1853 14824
4941 4941

1871 14968
4989 4989

1889 15112
5037 5037

1907 15256
5085 5085

1925 15400
5133 5133

1943 15544
5181 5181

1961 15688
5229 5229

1979 15832
5277 5277

1997 15976
5325 5325



11 352
117 117

29 928
309 309

47 1504
501 501

65 2080
693 693

83 2656
885 885

101 3232
1077 1077

119 3808
1269 1269

137 4384
1461 1461

155 4960
1653 1653

173 5536
1845 1845

191 6112
2037 2037

209 6688
2229 2229

227 7264
2421 2421

245 7840
2613 2613

263 8416
2805 2805

281 8992
2997 2997

299 9568
3189 3189

317 10144
3381 3381

335 10720
3573 3573

353 11296
3765 3765

371 11872
3957 3957

389 12448
4149 4149

407 13024
4341 4341

425 13600
4533 4533

443 14176
4725 4725

461 14752
4917 4917

479 15328
5109 5109

497 15904
5301 5301

515 16480
5493 5493

533 17056
5685 5685

551 17632
5877 5877

569 18208
6069 6069

587 18784
6261 6261

605 19360
6453 6453

623 19936
6645 6645

641 20512
6837 6837

659 21088
7029 7029

677 21664
7221 7221

695 22240
7413 7413

713 22816
7605 7605

731 23392
7797 7797

749 23968
7989 7989

767 24544
8181 8181

785 25120
8373 8373

803 25696
8565 8565

821 26272
8757 8757

839 26848
8949 8949

857 27424
9141 9141

875 28000
9333 9333

893 28576
9525 9525

911 29152
9717 9717

929 29728
9909 9909

947 30304
10101 10101

965 30880
10293 10293

983 31456
10485 10485

1001 32032
10677 10677

1019 32608
10869 10869

1037 33184
11061 11061

1055 33760
11253 11253

1073 34336
11445 11445

1091 34912
11637 11637

1109 35488
11829 11829

1127 36064
12021 12021

1145 36640
12213 12213

1163 37216
12405 12405

1181 37792
12597 12597

1199 38368
12789 12789

1217 38944
12981 12981

1235 39520
13173 13173

1253 40096
13365 13365

1271 40672
13557 13557

1289 41248
13749 13749

1307 41824
13941 13941

1325 42400
14133 14133

1343 42976
14325 14325

1361 43552
14517 14517

1379 44128
14709 14709

1397 44704
14901 14901

1415 45280
15093 15093

1433 45856
15285 15285

1451 46432
15477 15477

1469 47008
15669 15669

1487 47584
15861 15861

1505 48160
16053 16053

1523 48736
16245 16245

1541 49312
16437 16437

1559 49888
16629 16629

1577 50464
16821 16821

1595 51040
17013 17013

1613 51616
17205 17205

1631 52192
17397 17397

1649 52768
17589 17589

1667 53344
17781 17781

1685 53920
17973 17973

1703 54496
18165 18165

1721 55072
18357 18357

1739 55648
18549 18549

1757 56224
18741 18741

1775 56800
18933 18933

1793 57376
19125 19125

1811 57952
19317 19317

1829 58528
19509 19509

1847 59104
19701 19701

1865 59680
19893 19893

1883 60256
20085 20085

1901 60832
20277 20277

1919 61408
20469 20469

1937 61984
20661 20661

1955 62560
20853 20853

1973 63136
21045 21045

1991 63712
21237 21237



5 640
213 213

23 2944
981 981

41 5248
1749 1749

59 7552
2517 2517

77 9856
3285 3285

95 12160
4053 4053

113 14464
4821 4821

131 16768
5589 5589

149 19072
6357 6357

167 21376
7125 7125

185 23680
7893 7893

203 25984
8661 8661

221 28288
9429 9429

239 30592
10197 10197

257 32896
10965 10965

275 35200
11733 11733

293 37504
12501 12501

311 39808
13269 13269

329 42112
14037 14037

347 44416
14805 14805

365 46720
15573 15573

383 49024
16341 16341

401 51328
17109 17109

419 53632
17877 17877

437 55936
18645 18645

455 58240
19413 19413

473 60544
20181 20181

491 62848
20949 20949

509 65152
21717 21717

527 67456
22485 22485

545 69760
23253 23253

563 72064
24021 24021

581 74368
24789 24789

599 76672
25557 25557

617 78976
26325 26325

635 81280
27093 27093

653 83584
27861 27861

671 85888
28629 28629

689 88192
29397 29397

707 90496
30165 30165

725 92800
30933 30933

743 95104
31701 31701

761 97408
32469 32469

779 99712
33237 33237

797 102016
34005 34005

815 104320
34773 34773

833 106624
35541 35541

851 108928
36309 36309

869 111232
37077 37077

887 113536
37845 37845

905 115840
38613 38613

923 118144
39381 39381

941 120448
40149 40149

959 122752
40917 40917

977 125056
41685 41685

995 127360
42453 42453

1013 129664
43221 43221

1031 131968
43989 43989

1049 134272
44757 44757

1067 136576
45525 45525

1085 138880
46293 46293

1103 141184
47061 47061

1121 143488
47829 47829

1139 145792
48597 48597

1157 148096
49365 49365

1175 150400
50133 50133

1193 152704
50901 50901

1211 155008
51669 51669

1229 157312
52437 52437

1247 159616
53205 53205

1265 161920
53973 53973

1283 164224
54741 54741

1301 166528
55509 55509

1319 168832
56277 56277

1337 171136
57045 57045

1355 173440
57813 57813

1373 175744
58581 58581

1391 178048
59349 59349

1409 180352
60117 60117

1427 182656
60885 60885

1445 184960
61653 61653

1463 187264
62421 62421

1481 189568
63189 63189

1499 191872
63957 63957

1517 194176
64725 64725

1535 196480
65493 65493

1553 198784
66261 66261

1571 201088
67029 67029

1589 203392
67797 67797

1607 205696
68565 68565

1625 208000
69333 69333

1643 210304
70101 70101

1661 212608
70869 70869

1679 214912
71637 71637

1697 217216
72405 72405

1715 219520
73173 73173

1733 221824
73941 73941

1751 224128
74709 74709

1769 226432
75477 75477

1787 228736
76245 76245

1805 231040
77013 77013

1823 233344
77781 77781

1841 235648
78549 78549

1859 237952
79317 79317

1877 240256
80085 80085

1895 242560
80853 80853

1913 244864
81621 81621

1931 247168
82389 82389

1949 249472
83157 83157

1967 251776
83925 83925

1985 254080
84693 84693



17 8704
2901 2901

35 17920
5973 5973

53 27136
9045 9045

71 36352
12117 12117

89 45568
15189 15189

107 54784
18261 18261

125 64000
21333 21333

143 73216
24405 24405

161 82432
27477 27477

179 91648
30549 30549

197 100864
33621 33621

215 110080
36693 36693

233 119296
39765 39765

251 128512
42837 42837

269 137728
45909 45909

287 146944
48981 48981

305 156160
52053 52053

323 165376
55125 55125

341 174592
58197 58197

359 183808
61269 61269

377 193024
64341 64341

395 202240
67413 67413

413 211456
70485 70485

431 220672
73557 73557

449 229888
76629 76629

467 239104
79701 79701

485 248320
82773 82773

503 257536
85845 85845

521 266752
88917 88917

539 275968
91989 91989

557 285184
95061 95061

575 294400
98133 98133



