1 8
3 24
5 40
7 56
9 72
11 88
13 104
15 120
17 136
19 152
21 168
23 184
25 200
27 216
29 232
31 248
33 264
35 280
37 296
39 312
41 328
43 344
45 360
47 376
49 392
51 408
53 424
55 440
57 456
59 472
61 488
63 504
65 520
67 536
69 552
71 568
73 584
75 600
77 616
79 632
81 648
83 664
85 680
87 696
89 712
91 728
93 744
95 760
97 776
99 792
101 808
103 824
105 840
107 856
109 872
111 888
113 904
115 920
117 936
119 952
121 968
123 984
125 1000
127 1016
129 1032
131 1048
133 1064
135 1080
137 1096
139 1112
141 1128
143 1144
145 1160
147 1176
149 1192
151 1208
153 1224
155 1240
157 1256
159 1272
161 1288
163 1304
165 1320
167 1336
169 1352
171 1368
173 1384
175 1400
177 1416
179 1432
181 1448
183 1464
185 1480
187 1496
189 1512
191 1528
193 1544
195 1560
197 1576
199 1592
201 1608
203 1624
205 1640
207 1656
209 1672
211 1688
213 1704
215 1720
217 1736
219 1752
221 1768
223 1784
225 1800
227 1816
229 1832
231 1848
233 1864
235 1880
237 1896
239 1912
241 1928
243 1944
245 1960
247 1976
249 1992
251 2008
253 2024
255 2040
257 2056
259 2072
261 2088
263 2104
265 2120
267 2136
269 2152
271 2168
273 2184
275 2200
277 2216
279 2232
281 2248
283 2264
285 2280
287 2296
289 2312
291 2328
293 2344
295 2360
297 2376
299 2392
301 2408
303 2424
305 2440
307 2456
309 2472
311 2488
313 2504
315 2520
317 2536
319 2552
321 2568
323 2584
325 2600
327 2616
329 2632
331 2648
333 2664
335 2680
337 2696
339 2712
341 2728
343 2744
345 2760
347 2776
349 2792
351 2808
353 2824
355 2840
357 2856
359 2872
361 2888
363 2904
365 2920
367 2936
369 2952
371 2968
373 2984
375 3000
377 3016
379 3032
381 3048
383 3064
385 3080
387 3096
389 3112
391 3128
393 3144
395 3160
397 3176
399 3192
401 3208
403 3224
405 3240
407 3256
409 3272
411 3288
413 3304
415 3320
417 3336
419 3352
421 3368
423 3384
425 3400
427 3416
429 3432
431 3448
433 3464
435 3480
437 3496
439 3512
441 3528
443 3544
445 3560
447 3576
449 3592
451 3608
453 3624
455 3640
457 3656
459 3672
461 3688
463 3704
465 3720
467 3736
469 3752
471 3768
473 3784
475 3800
477 3816
479 3832
481 3848
483 3864
485 3880
487 3896
489 3912
491 3928
493 3944
495 3960
497 3976
499 3992
501 4008
503 4024
505 4040
507 4056
509 4072
511 4088
513 4104
515 4120
517 4136
519 4152
521 4168
523 4184
525 4200
527 4216
529 4232
531 4248
533 4264
535 4280
537 4296
539 4312
541 4328
543 4344
545 4360
547 4376
549 4392
551 4408
553 4424
555 4440
557 4456
559 4472
561 4488
563 4504
565 4520
567 4536
569 4552
571 4568
573 4584
575 4600
577 4616
579 4632
581 4648
583 4664
585 4680
587 4696
589 4712
591 4728
593 4744
595 4760
597 4776
599 4792
601 4808
603 4824
605 4840
607 4856
609 4872
611 4888
613 4904
615 4920
617 4936
619 4952
621 4968
623 4984
625 5000
627 5016
629 5032
631 5048
633 5064
635 5080
637 5096
639 5112
641 5128
643 5144
645 5160
647 5176
649 5192
651 5208
653 5224
655 5240
657 5256
659 5272
661 5288
663 5304
665 5320
667 5336
669 5352
671 5368
673 5384
675 5400
677 5416
679 5432
681 5448
683 5464
685 5480
687 5496
689 5512
691 5528
693 5544
695 5560
697 5576
699 5592
701 5608
703 5624
705 5640
707 5656
709 5672
711 5688
713 5704
715 5720
717 5736
719 5752
721 5768
723 5784
725 5800
727 5816
729 5832
731 5848
733 5864
735 5880
737 5896
739 5912
741 5928
743 5944
745 5960
747 5976
749 5992
751 6008
753 6024
755 6040
757 6056
759 6072
761 6088
763 6104
765 6120
767 6136
769 6152
771 6168
773 6184
775 6200
777 6216
779 6232
781 6248
783 6264
785 6280
787 6296
789 6312
791 6328
793 6344
795 6360
797 6376
799 6392
801 6408
803 6424
805 6440
807 6456
809 6472
811 6488
813 6504
815 6520
817 6536
819 6552
821 6568
823 6584
825 6600
827 6616
829 6632
831 6648
833 6664
835 6680
837 6696
839 6712
841 6728
843 6744
845 6760
847 6776
849 6792
851 6808
853 6824
855 6840
857 6856
859 6872
861 6888
863 6904
865 6920
867 6936
869 6952
871 6968
873 6984
875 7000
877 7016
879 7032
881 7048
883 7064
885 7080
887 7096
889 7112
891 7128
893 7144
895 7160
897 7176
899 7192
901 7208
903 7224
905 7240
907 7256
909 7272
911 7288
913 7304
915 7320
917 7336
919 7352
921 7368
923 7384
925 7400
927 7416
929 7432
931 7448
933 7464
935 7480
937 7496
939 7512
941 7528
943 7544
945 7560
947 7576
949 7592
951 7608
953 7624
955 7640
957 7656
959 7672
961 7688
963 7704
965 7720
967 7736
969 7752
971 7768
973 7784
975 7800
977 7816
979 7832
981 7848
983 7864
985 7880
987 7896
989 7912
991 7928
993 7944
995 7960
997 7976
999 7992
1001 8008
1003 8024
1005 8040
1007 8056
1009 8072
1011 8088
1013 8104
1015 8120
1017 8136
1019 8152
1021 8168
1023 8184
1025 8200
1027 8216
1029 8232
1031 8248
1033 8264
1035 8280
1037 8296
1039 8312
1041 8328
1043 8344
1045 8360
1047 8376
1049 8392
1051 8408
1053 8424
1055 8440
1057 8456
1059 8472
1061 8488
1063 8504
1065 8520
1067 8536
1069 8552
1071 8568
1073 8584
1075 8600
1077 8616
1079 8632
1081 8648
1083 8664
1085 8680
1087 8696
1089 8712
1091 8728
1093 8744
1095 8760
1097 8776
1099 8792
1101 8808
1103 8824
1105 8840
1107 8856
1109 8872
1111 8888
1113 8904
1115 8920
1117 8936
1119 8952
1121 8968
1123 8984
1125 9000
1127 9016
1129 9032
1131 9048
1133 9064
1135 9080
1137 9096
1139 9112
1141 9128
1143 9144
1145 9160
1147 9176
1149 9192
1151 9208
1153 9224
1155 9240
1157 9256
1159 9272
1161 9288
1163 9304
1165 9320
1167 9336
1169 9352
1171 9368
1173 9384
1175 9400
1177 9416
1179 9432
1181 9448
1183 9464
1185 9480
1187 9496
1189 9512
1191 9528
1193 9544
1195 9560
1197 9576
1199 9592
1201 9608
1203 9624
1205 9640
1207 9656
1209 9672
1211 9688
1213 9704
1215 9720
1217 9736
1219 9752
1221 9768
1223 9784
1225 9800
1227 9816
1229 9832
1231 9848
1233 9864
1235 9880
1237 9896
1239 9912
1241 9928
1243 9944
1245 9960
1247 9976
1249 9992
1251 10008
1253 10024
1255 10040
1257 10056
1259 10072
1261 10088
1263 10104
1265 10120
1267 10136
1269 10152
1271 10168
1273 10184
1275 10200
1277 10216
1279 10232
1281 10248
1283 10264
1285 10280
1287 10296
1289 10312
1291 10328
1293 10344
1295 10360
1297 10376
1299 10392
1301 10408
1303 10424
1305 10440
1307 10456
1309 10472
1311 10488
1313 10504
1315 10520
1317 10536
1319 10552
1321 10568
1323 10584
1325 10600
1327 10616
1329 10632
1331 10648
1333 10664
1335 10680
1337 10696
1339 10712
1341 10728
1343 10744
1345 10760
1347 10776
1349 10792
1351 10808
1353 10824
1355 10840
1357 10856
1359 10872
1361 10888
1363 10904
1365 10920
1367 10936
1369 10952
1371 10968
1373 10984
1375 11000
1377 11016
1379 11032
1381 11048
1383 11064
1385 11080
1387 11096
1389 11112
1391 11128
1393 11144
1395 11160
1397 11176
1399 11192
1401 11208
1403 11224
1405 11240
1407 11256
1409 11272
1411 11288
1413 11304
1415 11320
1417 11336
1419 11352
1421 11368
1423 11384
1425 11400
1427 11416
1429 11432
1431 11448
1433 11464
1435 11480
1437 11496
1439 11512
1441 11528
1443 11544
1445 11560
1447 11576
1449 11592
1451 11608
1453 11624
1455 11640
1457 11656
1459 11672
1461 11688
1463 11704
1465 11720
1467 11736
1469 11752
1471 11768
1473 11784
1475 11800
1477 11816
1479 11832
1481 11848
1483 11864
1485 11880
1487 11896
1489 11912
1491 11928
1493 11944
1495 11960
1497 11976
1499 11992
1501 12008
1503 12024
1505 12040
1507 12056
1509 12072
1511 12088
1513 12104
1515 12120
1517 12136
1519 12152
1521 12168
1523 12184
1525 12200
1527 12216
1529 12232
1531 12248
1533 12264
1535 12280
1537 12296
1539 12312
1541 12328
1543 12344
1545 12360
1547 12376
1549 12392
1551 12408
1553 12424
1555 12440
1557 12456
1559 12472
1561 12488
1563 12504
1565 12520
1567 12536
1569 12552
1571 12568
1573 12584
1575 12600
1577 12616
1579 12632
1581 12648
1583 12664
1585 12680
1587 12696
1589 12712
1591 12728
1593 12744
1595 12760
1597 12776
1599 12792
1601 12808
1603 12824
1605 12840
1607 12856
1609 12872
1611 12888
1613 12904
1615 12920
1617 12936
1619 12952
1621 12968
1623 12984
1625 13000
1627 13016
1629 13032
1631 13048
1633 13064
1635 13080
1637 13096
1639 13112
1641 13128
1643 13144
1645 13160
1647 13176
1649 13192
1651 13208
1653 13224
1655 13240
1657 13256
1659 13272
1661 13288
1663 13304
1665 13320
1667 13336
1669 13352
1671 13368
1673 13384
1675 13400
1677 13416
1679 13432
1681 13448
1683 13464
1685 13480
1687 13496
1689 13512
1691 13528
1693 13544
1695 13560
1697 13576
1699 13592
1701 13608
1703 13624
1705 13640
1707 13656
1709 13672
1711 13688
1713 13704
1715 13720
1717 13736
1719 13752
1721 13768
1723 13784
1725 13800
1727 13816
1729 13832
1731 13848
1733 13864
1735 13880
1737 13896
1739 13912
1741 13928
1743 13944
1745 13960
1747 13976
1749 13992
1751 14008
1753 14024
1755 14040
1757 14056
1759 14072
1761 14088
1763 14104
1765 14120
1767 14136
1769 14152
1771 14168
1773 14184
1775 14200
1777 14216
1779 14232
1781 14248
1783 14264
1785 14280
1787 14296
1789 14312
1791 14328
1793 14344
1795 14360
1797 14376
1799 14392
1801 14408
1803 14424
1805 14440
1807 14456
1809 14472
1811 14488
1813 14504
1815 14520
1817 14536
1819 14552
1821 14568
1823 14584
1825 14600
1827 14616
1829 14632
1831 14648
1833 14664
1835 14680
1837 14696
1839 14712
1841 14728
1843 14744
1845 14760
1847 14776
1849 14792
1851 14808
1853 14824
1855 14840
1857 14856
1859 14872
1861 14888
1863 14904
1865 14920
1867 14936
1869 14952
1871 14968
1873 14984
1875 15000
1877 15016
1879 15032
1881 15048
1883 15064
1885 15080
1887 15096
1889 15112
1891 15128
1893 15144
1895 15160
1897 15176
1899 15192
1901 15208
1903 15224
1905 15240
1907 15256
1909 15272
1911 15288
1913 15304
1915 15320
1917 15336
1919 15352
1921 15368
1923 15384
1925 15400
1927 15416
1929 15432
1931 15448
1933 15464
1935 15480
1937 15496
1939 15512
1941 15528
1943 15544
1945 15560
1947 15576
1949 15592
1951 15608
1953 15624
1955 15640
1957 15656
1959 15672
1961 15688
1963 15704
1965 15720
1967 15736
1969 15752
1971 15768
1973 15784
1975 15800
1977 15816
1979 15832
1981 15848
1983 15864
1985 15880
1987 15896
1989 15912
1991 15928
1993 15944
1995 15960
1997 15976
1999 15992
