
1 1
3 3
5 5
7 7
9 9
11 11
13 13
15 15
17 17
19 19
21 21
23 23
25 25
27 27
29 29
31 31
33 33
35 35
37 37
39 39
41 41
43 43
45 45
47 47
49 49
51 51
53 53
55 55
57 57
59 59
61 61
63 63
65 65
67 67
69 69
71 71
73 73
75 75
77 77
79 79
81 81
83 83
85 85
87 87
89 89
91 91
93 93
95 95
97 97
99 99
101 101
103 103
105 105
107 107
109 109
111 111
113 113
115 115
117 117
119 119
121 121
123 123
125 125
127 127
129 129
131 131
133 133
135 135
137 137
139 139
141 141
143 143
145 145
147 147
149 149
151 151
153 153
155 155
157 157
159 159
161 161
163 163
165 165
167 167
169 169
171 171
173 173
175 175
177 177
179 179
181 181
183 183
185 185
187 187
189 189
191 191
193 193
195 195
197 197
199 199
201 201
203 203
205 205
207 207
209 209
211 211
213 213
215 215
217 217
219 219
221 221
223 223
225 225
227 227
229 229
231 231
233 233
235 235
237 237
239 239
241 241
243 243
245 245
247 247
249 249
251 251
253 253
255 255
257 257
259 259
261 261
263 263
265 265
267 267
269 269
271 271
273 273
275 275
277 277
279 279
281 281
283 283
285 285
287 287
289 289
291 291
293 293
295 295
297 297
299 299
301 301
303 303
305 305
307 307
309 309
311 311
313 313
315 315
317 317
319 319
321 321
323 323
325 325
327 327
329 329
331 331
333 333
335 335
337 337
339 339
341 341
343 343
345 345
347 347
349 349
351 351
353 353
355 355
357 357
359 359
361 361
363 363
365 365
367 367
369 369
371 371
373 373
375 375
377 377
379 379
381 381
383 383
385 385
387 387
389 389
391 391
393 393
395 395
397 397
399 399
401 401
403 403
405 405
407 407
409 409
411 411
413 413
415 415
417 417
419 419
421 421
423 423
425 425
427 427
429 429
431 431
433 433
435 435
437 437
439 439
441 441
443 443
445 445
447 447
449 449
451 451
453 453
455 455
457 457
459 459
461 461
463 463
465 465
467 467
469 469
471 471
473 473
475 475
477 477
479 479
481 481
483 483
485 485
487 487
489 489
491 491
493 493
495 495
497 497
499 499
501 501
503 503
505 505
507 507
509 509
511 511
513 513
515 515
517 517
519 519
521 521
523 523
525 525
527 527
529 529
531 531
533 533
535 535
537 537
539 539
541 541
543 543
545 545
547 547
549 549
551 551
553 553
555 555
557 557
559 559
561 561
563 563
565 565
567 567
569 569
571 571
573 573
575 575
577 577
579 579
581 581
583 583
585 585
587 587
589 589
591 591
593 593
595 595
597 597
599 599
601 601
603 603
605 605
607 607
609 609
611 611
613 613
615 615
617 617
619 619
621 621
623 623
625 625
627 627
629 629
631 631
633 633
635 635
637 637
639 639
641 641
643 643
645 645
647 647
649 649
651 651
653 653
655 655
657 657
659 659
661 661
663 663
665 665
667 667
669 669
671 671
673 673
675 675
677 677
679 679
681 681
683 683
685 685
687 687
689 689
691 691
693 693
695 695
697 697
699 699
701 701
703 703
705 705
707 707
709 709
711 711
713 713
715 715
717 717
719 719
721 721
723 723
725 725
727 727
729 729
731 731
733 733
735 735
737 737
739 739
741 741
743 743
745 745
747 747
749 749
751 751
753 753
755 755
757 757
759 759
761 761
763 763
765 765
767 767
769 769
771 771
773 773
775 775
777 777
779 779
781 781
783 783
785 785
787 787
789 789
791 791
793 793
795 795
797 797
799 799
801 801
803 803
805 805
807 807
809 809
811 811
813 813
815 815
817 817
819 819
821 821
823 823
825 825
827 827
829 829
831 831
833 833
835 835
837 837
839 839
841 841
843 843
845 845
847 847
849 849
851 851
853 853
855 855
857 857
859 859
861 861
863 863
865 865
867 867
869 869
871 871
873 873
875 875
877 877
879 879
881 881
883 883
885 885
887 887
889 889
891 891
893 893
895 895
897 897
899 899
901 901
903 903
905 905
907 907
909 909
911 911
913 913
915 915
917 917
919 919
921 921
923 923
925 925
927 927
929 929
931 931
933 933
935 935
937 937
939 939
941 941
943 943
945 945
947 947
949 949
951 951
953 953
955 955
957 957
959 959
961 961
963 963
965 965
967 967
969 969
971 971
973 973
975 975
977 977
979 979
981 981
983 983
985 985
987 987
989 989
991 991
993 993
995 995
997 997
999 999
1001 1001
1003 1003
1005 1005
1007 1007
1009 1009
1011 1011
1013 1013
1015 1015
1017 1017
1019 1019
1021 1021
1023 1023
1025 1025
1027 1027
1029 1029
1031 1031
1033 1033
1035 1035
1037 1037
1039 1039
1041 1041
1043 1043
1045 1045
1047 1047
1049 1049
1051 1051
1053 1053
1055 1055
1057 1057
1059 1059
1061 1061
1063 1063
1065 1065
1067 1067
1069 1069
1071 1071
1073 1073
1075 1075
1077 1077
1079 1079
1081 1081
1083 1083
1085 1085
1087 1087
1089 1089
1091 1091
1093 1093
1095 1095
1097 1097
1099 1099
1101 1101
1103 1103
1105 1105
1107 1107
1109 1109
1111 1111
1113 1113
1115 1115
1117 1117
1119 1119
1121 1121
1123 1123
1125 1125
1127 1127
1129 1129
1131 1131
1133 1133
1135 1135
1137 1137
1139 1139
1141 1141
1143 1143
1145 1145
1147 1147
1149 1149
1151 1151
1153 1153
1155 1155
1157 1157
1159 1159
1161 1161
1163 1163
1165 1165
1167 1167
1169 1169
1171 1171
1173 1173
1175 1175
1177 1177
1179 1179
1181 1181
1183 1183
1185 1185
1187 1187
1189 1189
1191 1191
1193 1193
1195 1195
1197 1197
1199 1199
1201 1201
1203 1203
1205 1205
1207 1207
1209 1209
1211 1211
1213 1213
1215 1215
1217 1217
1219 1219
1221 1221
1223 1223
1225 1225
1227 1227
1229 1229
1231 1231
1233 1233
1235 1235
1237 1237
1239 1239
1241 1241
1243 1243
1245 1245
1247 1247
1249 1249
1251 1251
1253 1253
1255 1255
1257 1257
1259 1259
1261 1261
1263 1263
1265 1265
1267 1267
1269 1269
1271 1271
1273 1273
1275 1275
1277 1277
1279 1279
1281 1281
1283 1283
1285 1285
1287 1287
1289 1289
1291 1291
1293 1293
1295 1295
1297 1297
1299 1299
1301 1301
1303 1303
1305 1305
1307 1307
1309 1309
1311 1311
1313 1313
1315 1315
1317 1317
1319 1319
1321 1321
1323 1323
1325 1325
1327 1327
1329 1329
1331 1331
1333 1333
1335 1335
1337 1337
1339 1339
1341 1341
1343 1343
1345 1345
1347 1347
1349 1349
1351 1351
1353 1353
1355 1355
1357 1357
1359 1359
1361 1361
1363 1363
1365 1365
1367 1367
1369 1369
1371 1371
1373 1373
1375 1375
1377 1377
1379 1379
1381 1381
1383 1383
1385 1385
1387 1387
1389 1389
1391 1391
1393 1393
1395 1395
1397 1397
1399 1399
1401 1401
1403 1403
1405 1405
1407 1407
1409 1409
1411 1411
1413 1413
1415 1415
1417 1417
1419 1419
1421 1421
1423 1423
1425 1425
1427 1427
1429 1429
1431 1431
1433 1433
1435 1435
1437 1437
1439 1439
1441 1441
1443 1443
1445 1445
1447 1447
1449 1449
1451 1451
1453 1453
1455 1455
1457 1457
1459 1459
1461 1461
1463 1463
1465 1465
1467 1467
1469 1469
1471 1471
1473 1473
1475 1475
1477 1477
1479 1479
1481 1481
1483 1483
1485 1485
1487 1487
1489 1489
1491 1491
1493 1493
1495 1495
1497 1497
1499 1499
1501 1501
1503 1503
1505 1505
1507 1507
1509 1509
1511 1511
1513 1513
1515 1515
1517 1517
1519 1519
1521 1521
1523 1523
1525 1525
1527 1527
1529 1529
1531 1531
1533 1533
1535 1535
1537 1537
1539 1539
1541 1541
1543 1543
1545 1545
1547 1547
1549 1549
1551 1551
1553 1553
1555 1555
1557 1557
1559 1559
1561 1561
1563 1563
1565 1565
1567 1567
1569 1569
1571 1571
1573 1573
1575 1575
1577 1577
1579 1579
1581 1581
1583 1583
1585 1585
1587 1587
1589 1589
1591 1591
1593 1593
1595 1595
1597 1597
1599 1599
1601 1601
1603 1603
1605 1605
1607 1607
1609 1609
1611 1611
1613 1613
1615 1615
1617 1617
1619 1619
1621 1621
1623 1623
1625 1625
1627 1627
1629 1629
1631 1631
1633 1633
1635 1635
1637 1637
1639 1639
1641 1641
1643 1643
1645 1645
1647 1647
1649 1649
1651 1651
1653 1653
1655 1655
1657 1657
1659 1659
1661 1661
1663 1663
1665 1665
1667 1667
1669 1669
1671 1671
1673 1673
1675 1675
1677 1677
1679 1679
1681 1681
1683 1683
1685 1685
1687 1687
1689 1689
1691 1691
1693 1693
1695 1695
1697 1697
1699 1699
1701 1701
1703 1703
1705 1705
1707 1707
1709 1709
1711 1711
1713 1713
1715 1715
1717 1717
1719 1719
1721 1721
1723 1723
1725 1725
1727 1727
1729 1729
1731 1731
1733 1733
1735 1735
1737 1737
1739 1739
1741 1741
1743 1743
1745 1745
1747 1747
1749 1749
1751 1751
1753 1753
1755 1755
1757 1757
1759 1759
1761 1761
1763 1763
1765 1765
1767 1767
1769 1769
1771 1771
1773 1773
1775 1775
1777 1777
1779 1779
1781 1781
1783 1783
1785 1785
1787 1787
1789 1789
1791 1791
1793 1793
1795 1795
1797 1797
1799 1799
1801 1801
1803 1803
1805 1805
1807 1807
1809 1809
1811 1811
1813 1813
1815 1815
1817 1817
1819 1819
1821 1821
1823 1823
1825 1825
1827 1827
1829 1829
1831 1831
1833 1833
1835 1835
1837 1837
1839 1839
1841 1841
1843 1843
1845 1845
1847 1847
1849 1849
1851 1851
1853 1853
1855 1855
1857 1857
1859 1859
1861 1861
1863 1863
1865 1865
1867 1867
1869 1869
1871 1871
1873 1873
1875 1875
1877 1877
1879 1879
1881 1881
1883 1883
1885 1885
1887 1887
1889 1889
1891 1891
1893 1893
1895 1895
1897 1897
1899 1899
1901 1901
1903 1903
1905 1905
1907 1907
1909 1909
1911 1911
1913 1913
1915 1915
1917 1917
1919 1919
1921 1921
1923 1923
1925 1925
1927 1927
1929 1929
1931 1931
1933 1933
1935 1935
1937 1937
1939 1939
1941 1941
1943 1943
1945 1945
1947 1947
1949 1949
1951 1951
1953 1953
1955 1955
1957 1957
1959 1959
1961 1961
1963 1963
1965 1965
1967 1967
1969 1969
1971 1971
1973 1973
1975 1975
1977 1977
1979 1979
1981 1981
1983 1983
1985 1985
1987 1987
1989 1989
1991 1991
1993 1993
1995 1995
1997 1997
1999 1999

1 2
3 6
5 10
7 14
9 18
11 22
13 26
15 30
17 34
19 38
21 42
23 46
25 50
27 54
29 58
31 62
33 66
35 70
37 74
39 78
41 82
43 86
45 90
47 94
49 98
51 102
53 106
55 110
57 114
59 118
61 122
63 126
65 130
67 134
69 138
71 142
73 146
75 150
77 154
79 158
81 162
83 166
85 170
87 174
89 178
91 182
93 186
95 190
97 194
99 198
101 202
103 206
105 210
107 214
109 218
111 222
113 226
115 230
117 234
119 238
121 242
123 246
125 250
127 254
129 258
131 262
133 266
135 270
137 274
139 278
141 282
143 286
145 290
147 294
149 298
151 302
153 306
155 310
157 314
159 318
161 322
163 326
165 330
167 334
169 338
171 342
173 346
175 350
177 354
179 358
181 362
183 366
185 370
187 374
189 378
191 382
193 386
195 390
197 394
199 398
201 402
203 406
205 410
207 414
209 418
211 422
213 426
215 430
217 434
219 438
221 442
223 446
225 450
227 454
229 458
231 462
233 466
235 470
237 474
239 478
241 482
243 486
245 490
247 494
249 498
251 502
253 506
255 510
257 514
259 518
261 522
263 526
265 530
267 534
269 538
271 542
273 546
275 550
277 554
279 558
281 562
283 566
285 570
287 574
289 578
291 582
293 586
295 590
297 594
299 598
301 602
303 606
305 610
307 614
309 618
311 622
313 626
315 630
317 634
319 638
321 642
323 646
325 650
327 654
329 658
331 662
333 666
335 670
337 674
339 678
341 682
343 686
345 690
347 694
349 698
351 702
353 706
355 710
357 714
359 718
361 722
363 726
365 730
367 734
369 738
371 742
373 746
375 750
377 754
379 758
381 762
383 766
385 770
387 774
389 778
391 782
393 786
395 790
397 794
399 798
401 802
403 806
405 810
407 814
409 818
411 822
413 826
415 830
417 834
419 838
421 842
423 846
425 850
427 854
429 858
431 862
433 866
435 870
437 874
439 878
441 882
443 886
445 890
447 894
449 898
451 902
453 906
455 910
457 914
459 918
461 922
463 926
465 930
467 934
469 938
471 942
473 946
475 950
477 954
479 958
481 962
483 966
485 970
487 974
489 978
491 982
493 986
495 990
497 994
499 998
501 1002
503 1006
505 1010
507 1014
509 1018
511 1022
513 1026
515 1030
517 1034
519 1038
521 1042
523 1046
525 1050
527 1054
529 1058
531 1062
533 1066
535 1070
537 1074
539 1078
541 1082
543 1086
545 1090
547 1094
549 1098
551 1102
553 1106
555 1110
557 1114
559 1118
561 1122
563 1126
565 1130
567 1134
569 1138
571 1142
573 1146
575 1150
577 1154
579 1158
581 1162
583 1166
585 1170
587 1174
589 1178
591 1182
593 1186
595 1190
597 1194
599 1198
601 1202
603 1206
605 1210
607 1214
609 1218
611 1222
613 1226
615 1230
617 1234
619 1238
621 1242
623 1246
625 1250
627 1254
629 1258
631 1262
633 1266
635 1270
637 1274
639 1278
641 1282
643 1286
645 1290
647 1294
649 1298
651 1302
653 1306
655 1310
657 1314
659 1318
661 1322
663 1326
665 1330
667 1334
669 1338
671 1342
673 1346
675 1350
677 1354
679 1358
681 1362
683 1366
685 1370
687 1374
689 1378
691 1382
693 1386
695 1390
697 1394
699 1398
701 1402
703 1406
705 1410
707 1414
709 1418
711 1422
713 1426
715 1430
717 1434
719 1438
721 1442
723 1446
725 1450
727 1454
729 1458
731 1462
733 1466
735 1470
737 1474
739 1478
741 1482
743 1486
745 1490
747 1494
749 1498
751 1502
753 1506
755 1510
757 1514
759 1518
761 1522
763 1526
765 1530
767 1534
769 1538
771 1542
773 1546
775 1550
777 1554
779 1558
781 1562
783 1566
785 1570
787 1574
789 1578
791 1582
793 1586
795 1590
797 1594
799 1598
801 1602
803 1606
805 1610
807 1614
809 1618
811 1622
813 1626
815 1630
817 1634
819 1638
821 1642
823 1646
825 1650
827 1654
829 1658
831 1662
833 1666
835 1670
837 1674
839 1678
841 1682
843 1686
845 1690
847 1694
849 1698
851 1702
853 1706
855 1710
857 1714
859 1718
861 1722
863 1726
865 1730
867 1734
869 1738
871 1742
873 1746
875 1750
877 1754
879 1758
881 1762
883 1766
885 1770
887 1774
889 1778
891 1782
893 1786
895 1790
897 1794
899 1798
901 1802
903 1806
905 1810
907 1814
909 1818
911 1822
913 1826
915 1830
917 1834
919 1838
921 1842
923 1846
925 1850
927 1854
929 1858
931 1862
933 1866
935 1870
937 1874
939 1878
941 1882
943 1886
945 1890
947 1894
949 1898
951 1902
953 1906
955 1910
957 1914
959 1918
961 1922
963 1926
965 1930
967 1934
969 1938
971 1942
973 1946
975 1950
977 1954
979 1958
981 1962
983 1966
985 1970
987 1974
989 1978
991 1982
993 1986
995 1990
997 1994
999 1998
1001 2002
1003 2006
1005 2010
1007 2014
1009 2018
1011 2022
1013 2026
1015 2030
1017 2034
1019 2038
1021 2042
1023 2046
1025 2050
1027 2054
1029 2058
1031 2062
1033 2066
1035 2070
1037 2074
1039 2078
1041 2082
1043 2086
1045 2090
1047 2094
1049 2098
1051 2102
1053 2106
1055 2110
1057 2114
1059 2118
1061 2122
1063 2126
1065 2130
1067 2134
1069 2138
1071 2142
1073 2146
1075 2150
1077 2154
1079 2158
1081 2162
1083 2166
1085 2170
1087 2174
1089 2178
1091 2182
1093 2186
1095 2190
1097 2194
1099 2198
1101 2202
1103 2206
1105 2210
1107 2214
1109 2218
1111 2222
1113 2226
1115 2230
1117 2234
1119 2238
1121 2242
1123 2246
1125 2250
1127 2254
1129 2258
1131 2262
1133 2266
1135 2270
1137 2274
1139 2278
1141 2282
1143 2286
1145 2290
1147 2294
1149 2298
1151 2302
1153 2306
1155 2310
1157 2314
1159 2318
1161 2322
1163 2326
1165 2330
1167 2334
1169 2338
1171 2342
1173 2346
1175 2350
1177 2354
1179 2358
1181 2362
1183 2366
1185 2370
1187 2374
1189 2378
1191 2382
1193 2386
1195 2390
1197 2394
1199 2398
1201 2402
1203 2406
1205 2410
1207 2414
1209 2418
1211 2422
1213 2426
1215 2430
1217 2434
1219 2438
1221 2442
1223 2446
1225 2450
1227 2454
1229 2458
1231 2462
1233 2466
1235 2470
1237 2474
1239 2478
1241 2482
1243 2486
1245 2490
1247 2494
1249 2498
1251 2502
1253 2506
1255 2510
1257 2514
1259 2518
1261 2522
1263 2526
1265 2530
1267 2534
1269 2538
1271 2542
1273 2546
1275 2550
1277 2554
1279 2558
1281 2562
1283 2566
1285 2570
1287 2574
1289 2578
1291 2582
1293 2586
1295 2590
1297 2594
1299 2598
1301 2602
1303 2606
1305 2610
1307 2614
1309 2618
1311 2622
1313 2626
1315 2630
1317 2634
1319 2638
1321 2642
1323 2646
1325 2650
1327 2654
1329 2658
1331 2662
1333 2666
1335 2670
1337 2674
1339 2678
1341 2682
1343 2686
1345 2690
1347 2694
1349 2698
1351 2702
1353 2706
1355 2710
1357 2714
1359 2718
1361 2722
1363 2726
1365 2730
1367 2734
1369 2738
1371 2742
1373 2746
1375 2750
1377 2754
1379 2758
1381 2762
1383 2766
1385 2770
1387 2774
1389 2778
1391 2782
1393 2786
1395 2790
1397 2794
1399 2798
1401 2802
1403 2806
1405 2810
1407 2814
1409 2818
1411 2822
1413 2826
1415 2830
1417 2834
1419 2838
1421 2842
1423 2846
1425 2850
1427 2854
1429 2858
1431 2862
1433 2866
1435 2870
1437 2874
1439 2878
1441 2882
1443 2886
1445 2890
1447 2894
1449 2898
1451 2902
1453 2906
1455 2910
1457 2914
1459 2918
1461 2922
1463 2926
1465 2930
1467 2934
1469 2938
1471 2942
1473 2946
1475 2950
1477 2954
1479 2958
1481 2962
1483 2966
1485 2970
1487 2974
1489 2978
1491 2982
1493 2986
1495 2990
1497 2994
1499 2998
1501 3002
1503 3006
1505 3010
1507 3014
1509 3018
1511 3022
1513 3026
1515 3030
1517 3034
1519 3038
1521 3042
1523 3046
1525 3050
1527 3054
1529 3058
1531 3062
1533 3066
1535 3070
1537 3074
1539 3078
1541 3082
1543 3086
1545 3090
1547 3094
1549 3098
1551 3102
1553 3106
1555 3110
1557 3114
1559 3118
1561 3122
1563 3126
1565 3130
1567 3134
1569 3138
1571 3142
1573 3146
1575 3150
1577 3154
1579 3158
1581 3162
1583 3166
1585 3170
1587 3174
1589 3178
1591 3182
1593 3186
1595 3190
1597 3194
1599 3198
1601 3202
1603 3206
1605 3210
1607 3214
1609 3218
1611 3222
1613 3226
1615 3230
1617 3234
1619 3238
1621 3242
1623 3246
1625 3250
1627 3254
1629 3258
1631 3262
1633 3266
1635 3270
1637 3274
1639 3278
1641 3282
1643 3286
1645 3290
1647 3294
1649 3298
1651 3302
1653 3306
1655 3310
1657 3314
1659 3318
1661 3322
1663 3326
1665 3330
1667 3334
1669 3338
1671 3342
1673 3346
1675 3350
1677 3354
1679 3358
1681 3362
1683 3366
1685 3370
1687 3374
1689 3378
1691 3382
1693 3386
1695 3390
1697 3394
1699 3398
1701 3402
1703 3406
1705 3410
1707 3414
1709 3418
1711 3422
1713 3426
1715 3430
1717 3434
1719 3438
1721 3442
1723 3446
1725 3450
1727 3454
1729 3458
1731 3462
1733 3466
1735 3470
1737 3474
1739 3478
1741 3482
1743 3486
1745 3490
1747 3494
1749 3498
1751 3502
1753 3506
1755 3510
1757 3514
1759 3518
1761 3522
1763 3526
1765 3530
1767 3534
1769 3538
1771 3542
1773 3546
1775 3550
1777 3554
1779 3558
1781 3562
1783 3566
1785 3570
1787 3574
1789 3578
1791 3582
1793 3586
1795 3590
1797 3594
1799 3598
1801 3602
1803 3606
1805 3610
1807 3614
1809 3618
1811 3622
1813 3626
1815 3630
1817 3634
1819 3638
1821 3642
1823 3646
1825 3650
1827 3654
1829 3658
1831 3662
1833 3666
1835 3670
1837 3674
1839 3678
1841 3682
1843 3686
1845 3690
1847 3694
1849 3698
1851 3702
1853 3706
1855 3710
1857 3714
1859 3718
1861 3722
1863 3726
1865 3730
1867 3734
1869 3738
1871 3742
1873 3746
1875 3750
1877 3754
1879 3758
1881 3762
1883 3766
1885 3770
1887 3774
1889 3778
1891 3782
1893 3786
1895 3790
1897 3794
1899 3798
1901 3802
1903 3806
1905 3810
1907 3814
1909 3818
1911 3822
1913 3826
1915 3830
1917 3834
1919 3838
1921 3842
1923 3846
1925 3850
1927 3854
1929 3858
1931 3862
1933 3866
1935 3870
1937 3874
1939 3878
1941 3882
1943 3886
1945 3890
1947 3894
1949 3898
1951 3902
1953 3906
1955 3910
1957 3914
1959 3918
1961 3922
1963 3926
1965 3930
1967 3934
1969 3938
1971 3942
1973 3946
1975 3950
1977 3954
1979 3958
1981 3962
1983 3966
1985 3970
1987 3974
1989 3978
1991 3982
1993 3986
1995 3990
1997 3994
1999 3998

1 4
3 12
5 20
7 28
9 36
11 44
13 52
15 60
17 68
19 76
21 84
23 92
25 100
27 108
29 116
31 124
33 132
35 140
37 148
39 156
41 164
43 172
45 180
47 188
49 196
51 204
53 212
55 220
57 228
59 236
61 244
63 252
65 260
67 268
69 276
71 284
73 292
75 300
77 308
79 316
81 324
83 332
85 340
87 348
89 356
91 364
93 372
95 380
97 388
99 396
101 404
103 412
105 420
107 428
109 436
111 444
113 452
115 460
117 468
119 476
121 484
123 492
125 500
127 508
129 516
131 524
133 532
135 540
137 548
139 556
141 564
143 572
145 580
147 588
149 596
151 604
153 612
155 620
157 628
159 636
161 644
163 652
165 660
167 668
169 676
171 684
173 692
175 700
177 708
179 716
181 724
183 732
185 740
187 748
189 756
191 764
193 772
195 780
197 788
199 796
201 804
203 812
205 820
207 828
209 836
211 844
213 852
215 860
217 868
219 876
221 884
223 892
225 900
227 908
229 916
231 924
233 932
235 940
237 948
239 956
241 964
243 972
245 980
247 988
249 996
251 1004
253 1012
255 1020
257 1028
259 1036
261 1044
263 1052
265 1060
267 1068
269 1076
271 1084
273 1092
275 1100
277 1108
279 1116
281 1124
283 1132
285 1140
287 1148
289 1156
291 1164
293 1172
295 1180
297 1188
299 1196
301 1204
303 1212
305 1220
307 1228
309 1236
311 1244
313 1252
315 1260
317 1268
319 1276
321 1284
323 1292
325 1300
327 1308
329 1316
331 1324
333 1332
335 1340
337 1348
339 1356
341 1364
343 1372
345 1380
347 1388
349 1396
351 1404
353 1412
355 1420
357 1428
359 1436
361 1444
363 1452
365 1460
367 1468
369 1476
371 1484
373 1492
375 1500
377 1508
379 1516
381 1524
383 1532
385 1540
387 1548
389 1556
391 1564
393 1572
395 1580
397 1588
399 1596
401 1604
403 1612
405 1620
407 1628
409 1636
411 1644
413 1652
415 1660
417 1668
419 1676
421 1684
423 1692
425 1700
427 1708
429 1716
431 1724
433 1732
435 1740
437 1748
439 1756
441 1764
443 1772
445 1780
447 1788
449 1796
451 1804
453 1812
455 1820
457 1828
459 1836
461 1844
463 1852
465 1860
467 1868
469 1876
471 1884
473 1892
475 1900
477 1908
479 1916
481 1924
483 1932
485 1940
487 1948
489 1956
491 1964
493 1972
495 1980
497 1988
499 1996
501 2004
503 2012
505 2020
507 2028
509 2036
511 2044
513 2052
515 2060
517 2068
519 2076
521 2084
523 2092
525 2100
527 2108
529 2116
531 2124
533 2132
535 2140
537 2148
539 2156
541 2164
543 2172
545 2180
547 2188
549 2196
551 2204
553 2212
555 2220
557 2228
559 2236
561 2244
563 2252
565 2260
567 2268
569 2276
571 2284
573 2292
575 2300
577 2308
579 2316
581 2324
583 2332
585 2340
587 2348
589 2356
591 2364
593 2372
595 2380
597 2388
599 2396
601 2404
603 2412
605 2420
607 2428
609 2436
611 2444
613 2452
615 2460
617 2468
619 2476
621 2484
623 2492
625 2500
627 2508
629 2516
631 2524
633 2532
635 2540
637 2548
639 2556
641 2564
643 2572
645 2580
647 2588
649 2596
651 2604
653 2612
655 2620
657 2628
659 2636
661 2644
663 2652
665 2660
667 2668
669 2676
671 2684
673 2692
675 2700
677 2708
679 2716
681 2724
683 2732
685 2740
687 2748
689 2756
691 2764
693 2772
695 2780
697 2788
699 2796
701 2804
703 2812
705 2820
707 2828
709 2836
711 2844
713 2852
715 2860
717 2868
719 2876
721 2884
723 2892
725 2900
727 2908
729 2916
731 2924
733 2932
735 2940
737 2948
739 2956
741 2964
743 2972
745 2980
747 2988
749 2996
751 3004
753 3012
755 3020
757 3028
759 3036
761 3044
763 3052
765 3060
767 3068
769 3076
771 3084
773 3092
775 3100
777 3108
779 3116
781 3124
783 3132
785 3140
787 3148
789 3156
791 3164
793 3172
795 3180
797 3188
799 3196
801 3204
803 3212
805 3220
807 3228
809 3236
811 3244
813 3252
815 3260
817 3268
819 3276
821 3284
823 3292
825 3300
827 3308
829 3316
831 3324
833 3332
835 3340
837 3348
839 3356
841 3364
843 3372
845 3380
847 3388
849 3396
851 3404
853 3412
855 3420
857 3428
859 3436
861 3444
863 3452
865 3460
867 3468
869 3476
871 3484
873 3492
875 3500
877 3508
879 3516
881 3524
883 3532
885 3540
887 3548
889 3556
891 3564
893 3572
895 3580
897 3588
899 3596
901 3604
903 3612
905 3620
907 3628
909 3636
911 3644
913 3652
915 3660
917 3668
919 3676
921 3684
923 3692
925 3700
927 3708
929 3716
931 3724
933 3732
935 3740
937 3748
939 3756
941 3764
943 3772
945 3780
947 3788
949 3796
951 3804
953 3812
955 3820
957 3828
959 3836
961 3844
963 3852
965 3860
967 3868
969 3876
971 3884
973 3892
975 3900
977 3908
979 3916
981 3924
983 3932
985 3940
987 3948
989 3956
991 3964
993 3972
995 3980
997 3988
999 3996
1001 4004
1003 4012
1005 4020
1007 4028
1009 4036
1011 4044
1013 4052
1015 4060
1017 4068
1019 4076
1021 4084
1023 4092
1025 4100
1027 4108
1029 4116
1031 4124
1033 4132
1035 4140
1037 4148
1039 4156
1041 4164
1043 4172
1045 4180
1047 4188
1049 4196
1051 4204
1053 4212
1055 4220
1057 4228
1059 4236
1061 4244
1063 4252
1065 4260
1067 4268
1069 4276
1071 4284
1073 4292
1075 4300
1077 4308
1079 4316
1081 4324
1083 4332
1085 4340
1087 4348
1089 4356
1091 4364
1093 4372
1095 4380
1097 4388
1099 4396
1101 4404
1103 4412
1105 4420
1107 4428
1109 4436
1111 4444
1113 4452
1115 4460
1117 4468
1119 4476
1121 4484
1123 4492
1125 4500
1127 4508
1129 4516
1131 4524
1133 4532
1135 4540
1137 4548
1139 4556
1141 4564
1143 4572
1145 4580
1147 4588
1149 4596
1151 4604
1153 4612
1155 4620
1157 4628
1159 4636
1161 4644
1163 4652
1165 4660
1167 4668
1169 4676
1171 4684
1173 4692
1175 4700
1177 4708
1179 4716
1181 4724
1183 4732
1185 4740
1187 4748
1189 4756
1191 4764
1193 4772
1195 4780
1197 4788
1199 4796
1201 4804
1203 4812
1205 4820
1207 4828
1209 4836
1211 4844
1213 4852
1215 4860
1217 4868
1219 4876
1221 4884
1223 4892
1225 4900
1227 4908
1229 4916
1231 4924
1233 4932
1235 4940
1237 4948
1239 4956
1241 4964
1243 4972
1245 4980
1247 4988
1249 4996
1251 5004
1253 5012
1255 5020
1257 5028
1259 5036
1261 5044
1263 5052
1265 5060
1267 5068
1269 5076
1271 5084
1273 5092
1275 5100
1277 5108
1279 5116
1281 5124
1283 5132
1285 5140
1287 5148
1289 5156
1291 5164
1293 5172
1295 5180
1297 5188
1299 5196
1301 5204
1303 5212
1305 5220
1307 5228
1309 5236
1311 5244
1313 5252
1315 5260
1317 5268
1319 5276
1321 5284
1323 5292
1325 5300
1327 5308
1329 5316
1331 5324
1333 5332
1335 5340
1337 5348
1339 5356
1341 5364
1343 5372
1345 5380
1347 5388
1349 5396
1351 5404
1353 5412
1355 5420
1357 5428
1359 5436
1361 5444
1363 5452
1365 5460
1367 5468
1369 5476
1371 5484
1373 5492
1375 5500
1377 5508
1379 5516
1381 5524
1383 5532
1385 5540
1387 5548
1389 5556
1391 5564
1393 5572
1395 5580
1397 5588
1399 5596
1401 5604
1403 5612
1405 5620
1407 5628
1409 5636
1411 5644
1413 5652
1415 5660
1417 5668
1419 5676
1421 5684
1423 5692
1425 5700
1427 5708
1429 5716
1431 5724
1433 5732
1435 5740
1437 5748
1439 5756
1441 5764
1443 5772
1445 5780
1447 5788
1449 5796
1451 5804
1453 5812
1455 5820
1457 5828
1459 5836
1461 5844
1463 5852
1465 5860
1467 5868
1469 5876
1471 5884
1473 5892
1475 5900
1477 5908
1479 5916
1481 5924
1483 5932
1485 5940
1487 5948
1489 5956
1491 5964
1493 5972
1495 5980
1497 5988
1499 5996
1501 6004
1503 6012
1505 6020
1507 6028
1509 6036
1511 6044
1513 6052
1515 6060
1517 6068
1519 6076
1521 6084
1523 6092
1525 6100
1527 6108
1529 6116
1531 6124
1533 6132
1535 6140
1537 6148
1539 6156
1541 6164
1543 6172
1545 6180
1547 6188
1549 6196
1551 6204
1553 6212
1555 6220
1557 6228
1559 6236
1561 6244
1563 6252
1565 6260
1567 6268
1569 6276
1571 6284
1573 6292
1575 6300
1577 6308
1579 6316
1581 6324
1583 6332
1585 6340
1587 6348
1589 6356
1591 6364
1593 6372
1595 6380
1597 6388
1599 6396
1601 6404
1603 6412
1605 6420
1607 6428
1609 6436
1611 6444
1613 6452
1615 6460
1617 6468
1619 6476
1621 6484
1623 6492
1625 6500
1627 6508
1629 6516
1631 6524
1633 6532
1635 6540
1637 6548
1639 6556
1641 6564
1643 6572
1645 6580
1647 6588
1649 6596
1651 6604
1653 6612
1655 6620
1657 6628
1659 6636
1661 6644
1663 6652
1665 6660
1667 6668
1669 6676
1671 6684
1673 6692
1675 6700
1677 6708
1679 6716
1681 6724
1683 6732
1685 6740
1687 6748
1689 6756
1691 6764
1693 6772
1695 6780
1697 6788
1699 6796
1701 6804
1703 6812
1705 6820
1707 6828
1709 6836
1711 6844
1713 6852
1715 6860
1717 6868
1719 6876
1721 6884
1723 6892
1725 6900
1727 6908
1729 6916
1731 6924
1733 6932
1735 6940
1737 6948
1739 6956
1741 6964
1743 6972
1745 6980
1747 6988
1749 6996
1751 7004
1753 7012
1755 7020
1757 7028
1759 7036
1761 7044
1763 7052
1765 7060
1767 7068
1769 7076
1771 7084
1773 7092
1775 7100
1777 7108
1779 7116
1781 7124
1783 7132
1785 7140
1787 7148
1789 7156
1791 7164
1793 7172
1795 7180
1797 7188
1799 7196
1801 7204
1803 7212
1805 7220
1807 7228
1809 7236
1811 7244
1813 7252
1815 7260
1817 7268
1819 7276
1821 7284
1823 7292
1825 7300
1827 7308
1829 7316
1831 7324
1833 7332
1835 7340
1837 7348
1839 7356
1841 7364
1843 7372
1845 7380
1847 7388
1849 7396
1851 7404
1853 7412
1855 7420
1857 7428
1859 7436
1861 7444
1863 7452
1865 7460
1867 7468
1869 7476
1871 7484
1873 7492
1875 7500
1877 7508
1879 7516
1881 7524
1883 7532
1885 7540
1887 7548
1889 7556
1891 7564
1893 7572
1895 7580
1897 7588
1899 7596
1901 7604
1903 7612
1905 7620
1907 7628
1909 7636
1911 7644
1913 7652
1915 7660
1917 7668
1919 7676
1921 7684
1923 7692
1925 7700
1927 7708
1929 7716
1931 7724
1933 7732
1935 7740
1937 7748
1939 7756
1941 7764
1943 7772
1945 7780
1947 7788
1949 7796
1951 7804
1953 7812
1955 7820
1957 7828
1959 7836
1961 7844
1963 7852
1965 7860
1967 7868
1969 7876
1971 7884
1973 7892
1975 7900
1977 7908
1979 7916
1981 7924
1983 7932
1985 7940
1987 7948
1989 7956
1991 7964
1993 7972
1995 7980
1997 7988
1999 7996

1 8
3 24
5 40
7 56
9 72
11 88
13 104
15 120
17 136
19 152
21 168
23 184
25 200
27 216
29 232
31 248
33 264
35 280
37 296
39 312
41 328
43 344
45 360
47 376
49 392
51 408
53 424
55 440
57 456
59 472
61 488
63 504
65 520
67 536
69 552
71 568
73 584
75 600
77 616
79 632
81 648
83 664
85 680
87 696
89 712
91 728
93 744
95 760
97 776
99 792
101 808
103 824
105 840
107 856
109 872
111 888
113 904
115 920
117 936
119 952
121 968
123 984
125 1000
127 1016
129 1032
131 1048
133 1064
135 1080
137 1096
139 1112
141 1128
143 1144
145 1160
147 1176
149 1192
151 1208
153 1224
155 1240
157 1256
159 1272
161 1288
163 1304
165 1320
167 1336
169 1352
171 1368
173 1384
175 1400
177 1416
179 1432
181 1448
183 1464
185 1480
187 1496
189 1512
191 1528
193 1544
195 1560
197 1576
199 1592
201 1608
203 1624
205 1640
207 1656
209 1672
211 1688
213 1704
215 1720
217 1736
219 1752
221 1768
223 1784
225 1800
227 1816
229 1832
231 1848
233 1864
235 1880
237 1896
239 1912
241 1928
243 1944
245 1960
247 1976
249 1992
251 2008
253 2024
255 2040
257 2056
259 2072
261 2088
263 2104
265 2120
267 2136
269 2152
271 2168
273 2184
275 2200
277 2216
279 2232
281 2248
283 2264
285 2280
287 2296
289 2312
291 2328
293 2344
295 2360
297 2376
299 2392
301 2408
303 2424
305 2440
307 2456
309 2472
311 2488
313 2504
315 2520
317 2536
319 2552
321 2568
323 2584
325 2600
327 2616
329 2632
331 2648
333 2664
335 2680
337 2696
339 2712
341 2728
343 2744
345 2760
347 2776
349 2792
351 2808
353 2824
355 2840
357 2856
359 2872
361 2888
363 2904
365 2920
367 2936
369 2952
371 2968
373 2984
375 3000
377 3016
379 3032
381 3048
383 3064
385 3080
387 3096
389 3112
391 3128
393 3144
395 3160
397 3176
399 3192
401 3208
403 3224
405 3240
407 3256
409 3272
411 3288
413 3304
415 3320
417 3336
419 3352
421 3368
423 3384
425 3400
427 3416
429 3432
431 3448
433 3464
435 3480
437 3496
439 3512
441 3528
443 3544
445 3560
447 3576
449 3592
451 3608
453 3624
455 3640
457 3656
459 3672
461 3688
463 3704
465 3720
467 3736
469 3752
471 3768
473 3784
475 3800
477 3816
479 3832
481 3848
483 3864
485 3880
487 3896
489 3912
491 3928
493 3944
495 3960
497 3976
499 3992
501 4008
503 4024
505 4040
507 4056
509 4072
511 4088
513 4104
515 4120
517 4136
519 4152
521 4168
523 4184
525 4200
527 4216
529 4232
531 4248
533 4264
535 4280
537 4296
539 4312
541 4328
543 4344
545 4360
547 4376
549 4392
551 4408
553 4424
555 4440
557 4456
559 4472
561 4488
563 4504
565 4520
567 4536
569 4552
571 4568
573 4584
575 4600
577 4616
579 4632
581 4648
583 4664
585 4680
587 4696
589 4712
591 4728
593 4744
595 4760
597 4776
599 4792
601 4808
603 4824
605 4840
607 4856
609 4872
611 4888
613 4904
615 4920
617 4936
619 4952
621 4968
623 4984
625 5000
627 5016
629 5032
631 5048
633 5064
635 5080
637 5096
639 5112
641 5128
643 5144
645 5160
647 5176
649 5192
651 5208
653 5224
655 5240
657 5256
659 5272
661 5288
663 5304
665 5320
667 5336
669 5352
671 5368
673 5384
675 5400
677 5416
679 5432
681 5448
683 5464
685 5480
687 5496
689 5512
691 5528
693 5544
695 5560
697 5576
699 5592
701 5608
703 5624
705 5640
707 5656
709 5672
711 5688
713 5704
715 5720
717 5736
719 5752
721 5768
723 5784
725 5800
727 5816
729 5832
731 5848
733 5864
735 5880
737 5896
739 5912
741 5928
743 5944
745 5960
747 5976
749 5992
751 6008
753 6024
755 6040
757 6056
759 6072
761 6088
763 6104
765 6120
767 6136
769 6152
771 6168
773 6184
775 6200
777 6216
779 6232
781 6248
783 6264
785 6280
787 6296
789 6312
791 6328
793 6344
795 6360
797 6376
799 6392
801 6408
803 6424
805 6440
807 6456
809 6472
811 6488
813 6504
815 6520
817 6536
819 6552
821 6568
823 6584
825 6600
827 6616
829 6632
831 6648
833 6664
835 6680
837 6696
839 6712
841 6728
843 6744
845 6760
847 6776
849 6792
851 6808
853 6824
855 6840
857 6856
859 6872
861 6888
863 6904
865 6920
867 6936
869 6952
871 6968
873 6984
875 7000
877 7016
879 7032
881 7048
883 7064
885 7080
887 7096
889 7112
891 7128
893 7144
895 7160
897 7176
899 7192
901 7208
903 7224
905 7240
907 7256
909 7272
911 7288
913 7304
915 7320
917 7336
919 7352
921 7368
923 7384
925 7400
927 7416
929 7432
931 7448
933 7464
935 7480
937 7496
939 7512
941 7528
943 7544
945 7560
947 7576
949 7592
951 7608
953 7624
955 7640
957 7656
959 7672
961 7688
963 7704
965 7720
967 7736
969 7752
971 7768
973 7784
975 7800
977 7816
979 7832
981 7848
983 7864
985 7880
987 7896
989 7912
991 7928
993 7944
995 7960
997 7976
999 7992
1001 8008
1003 8024
1005 8040
1007 8056
1009 8072
1011 8088
1013 8104
1015 8120
1017 8136
1019 8152
1021 8168
1023 8184
1025 8200
1027 8216
1029 8232
1031 8248
1033 8264
1035 8280
1037 8296
1039 8312
1041 8328
1043 8344
1045 8360
1047 8376
1049 8392
1051 8408
1053 8424
1055 8440
1057 8456
1059 8472
1061 8488
1063 8504
1065 8520
1067 8536
1069 8552
1071 8568
1073 8584
1075 8600
1077 8616
1079 8632
1081 8648
1083 8664
1085 8680
1087 8696
1089 8712
1091 8728
1093 8744
1095 8760
1097 8776
1099 8792
1101 8808
1103 8824
1105 8840
1107 8856
1109 8872
1111 8888
1113 8904
1115 8920
1117 8936
1119 8952
1121 8968
1123 8984
1125 9000
1127 9016
1129 9032
1131 9048
1133 9064
1135 9080
1137 9096
1139 9112
1141 9128
1143 9144
1145 9160
1147 9176
1149 9192
1151 9208
1153 9224
1155 9240
1157 9256
1159 9272
1161 9288
1163 9304
1165 9320
1167 9336
1169 9352
1171 9368
1173 9384
1175 9400
1177 9416
1179 9432
1181 9448
1183 9464
1185 9480
1187 9496
1189 9512
1191 9528
1193 9544
1195 9560
1197 9576
1199 9592
1201 9608
1203 9624
1205 9640
1207 9656
1209 9672
1211 9688
1213 9704
1215 9720
1217 9736
1219 9752
1221 9768
1223 9784
1225 9800
1227 9816
1229 9832
1231 9848
1233 9864
1235 9880
1237 9896
1239 9912
1241 9928
1243 9944
1245 9960
1247 9976
1249 9992
1251 10008
1253 10024
1255 10040
1257 10056
1259 10072
1261 10088
1263 10104
1265 10120
1267 10136
1269 10152
1271 10168
1273 10184
1275 10200
1277 10216
1279 10232
1281 10248
1283 10264
1285 10280
1287 10296
1289 10312
1291 10328
1293 10344
1295 10360
1297 10376
1299 10392
1301 10408
1303 10424
1305 10440
1307 10456
1309 10472
1311 10488
1313 10504
1315 10520
1317 10536
1319 10552
1321 10568
1323 10584
1325 10600
1327 10616
1329 10632
1331 10648
1333 10664
1335 10680
1337 10696
1339 10712
1341 10728
1343 10744
1345 10760
1347 10776
1349 10792
1351 10808
1353 10824
1355 10840
1357 10856
1359 10872
1361 10888
1363 10904
1365 10920
1367 10936
1369 10952
1371 10968
1373 10984
1375 11000
1377 11016
1379 11032
1381 11048
1383 11064
1385 11080
1387 11096
1389 11112
1391 11128
1393 11144
1395 11160
1397 11176
1399 11192
1401 11208
1403 11224
1405 11240
1407 11256
1409 11272
1411 11288
1413 11304
1415 11320
1417 11336
1419 11352
1421 11368
1423 11384
1425 11400
1427 11416
1429 11432
1431 11448
1433 11464
1435 11480
1437 11496
1439 11512
1441 11528
1443 11544
1445 11560
1447 11576
1449 11592
1451 11608
1453 11624
1455 11640
1457 11656
1459 11672
1461 11688
1463 11704
1465 11720
1467 11736
1469 11752
1471 11768
1473 11784
1475 11800
1477 11816
1479 11832
1481 11848
1483 11864
1485 11880
1487 11896
1489 11912
1491 11928
1493 11944
1495 11960
1497 11976
1499 11992
1501 12008
1503 12024
1505 12040
1507 12056
1509 12072
1511 12088
1513 12104
1515 12120
1517 12136
1519 12152
1521 12168
1523 12184
1525 12200
1527 12216
1529 12232
1531 12248
1533 12264
1535 12280
1537 12296
1539 12312
1541 12328
1543 12344
1545 12360
1547 12376
1549 12392
1551 12408
1553 12424
1555 12440
1557 12456
1559 12472
1561 12488
1563 12504
1565 12520
1567 12536
1569 12552
1571 12568
1573 12584
1575 12600
1577 12616
1579 12632
1581 12648
1583 12664
1585 12680
1587 12696
1589 12712
1591 12728
1593 12744
1595 12760
1597 12776
1599 12792
1601 12808
1603 12824
1605 12840
1607 12856
1609 12872
1611 12888
1613 12904
1615 12920
1617 12936
1619 12952
1621 12968
1623 12984
1625 13000
1627 13016
1629 13032
1631 13048
1633 13064
1635 13080
1637 13096
1639 13112
1641 13128
1643 13144
1645 13160
1647 13176
1649 13192
1651 13208
1653 13224
1655 13240
1657 13256
1659 13272
1661 13288
1663 13304
1665 13320
1667 13336
1669 13352
1671 13368
1673 13384
1675 13400
1677 13416
1679 13432
1681 13448
1683 13464
1685 13480
1687 13496
1689 13512
1691 13528
1693 13544
1695 13560
1697 13576
1699 13592
1701 13608
1703 13624
1705 13640
1707 13656
1709 13672
1711 13688
1713 13704
1715 13720
1717 13736
1719 13752
1721 13768
1723 13784
1725 13800
1727 13816
1729 13832
1731 13848
1733 13864
1735 13880
1737 13896
1739 13912
1741 13928
1743 13944
1745 13960
1747 13976
1749 13992
1751 14008
1753 14024
1755 14040
1757 14056
1759 14072
1761 14088
1763 14104
1765 14120
1767 14136
1769 14152
1771 14168
1773 14184
1775 14200
1777 14216
1779 14232
1781 14248
1783 14264
1785 14280
1787 14296
1789 14312
1791 14328
1793 14344
1795 14360
1797 14376
1799 14392
1801 14408
1803 14424
1805 14440
1807 14456
1809 14472
1811 14488
1813 14504
1815 14520
1817 14536
1819 14552
1821 14568
1823 14584
1825 14600
1827 14616
1829 14632
1831 14648
1833 14664
1835 14680
1837 14696
1839 14712
1841 14728
1843 14744
1845 14760
1847 14776
1849 14792
1851 14808
1853 14824
1855 14840
1857 14856
1859 14872
1861 14888
1863 14904
1865 14920
1867 14936
1869 14952
1871 14968
1873 14984
1875 15000
1877 15016
1879 15032
1881 15048
1883 15064
1885 15080
1887 15096
1889 15112
1891 15128
1893 15144
1895 15160
1897 15176
1899 15192
1901 15208
1903 15224
1905 15240
1907 15256
1909 15272
1911 15288
1913 15304
1915 15320
1917 15336
1919 15352
1921 15368
1923 15384
1925 15400
1927 15416
1929 15432
1931 15448
1933 15464
1935 15480
1937 15496
1939 15512
1941 15528
1943 15544
1945 15560
1947 15576
1949 15592
1951 15608
1953 15624
1955 15640
1957 15656
1959 15672
1961 15688
1963 15704
1965 15720
1967 15736
1969 15752
1971 15768
1973 15784
1975 15800
1977 15816
1979 15832
1981 15848
1983 15864
1985 15880
1987 15896
1989 15912
1991 15928
1993 15944
1995 15960
1997 15976
1999 15992

1 16
3 48
5 80
7 112
9 144
11 176
13 208
15 240
17 272
19 304
21 336
23 368
25 400
27 432
29 464
31 496
33 528
35 560
37 592
39 624
41 656
43 688
45 720
47 752
49 784
51 816
53 848
55 880
57 912
59 944
61 976
63 1008
65 1040
67 1072
69 1104
71 1136
73 1168
75 1200
77 1232
79 1264
81 1296
83 1328
85 1360
87 1392
89 1424
91 1456
93 1488
95 1520
97 1552
99 1584
101 1616
103 1648
105 1680
107 1712
109 1744
111 1776
113 1808
115 1840
117 1872
119 1904
121 1936
123 1968
125 2000
127 2032
129 2064
131 2096
133 2128
135 2160
137 2192
139 2224
141 2256
143 2288
145 2320
147 2352
149 2384
151 2416
153 2448
155 2480
157 2512
159 2544
161 2576
163 2608
165 2640
167 2672
169 2704
171 2736
173 2768
175 2800
177 2832
179 2864
181 2896
183 2928
185 2960
187 2992
189 3024
191 3056
193 3088
195 3120
197 3152
199 3184
201 3216
203 3248
205 3280
207 3312
209 3344
211 3376
213 3408
215 3440
217 3472
219 3504
221 3536
223 3568
225 3600
227 3632
229 3664
231 3696
233 3728
235 3760
237 3792
239 3824
241 3856
243 3888
245 3920
247 3952
249 3984
251 4016
253 4048
255 4080
257 4112
259 4144
261 4176
263 4208
265 4240
267 4272
269 4304
271 4336
273 4368
275 4400
277 4432
279 4464
281 4496
283 4528
285 4560
287 4592
289 4624
291 4656
293 4688
295 4720
297 4752
299 4784
301 4816
303 4848
305 4880
307 4912
309 4944
311 4976
313 5008
315 5040
317 5072
319 5104
321 5136
323 5168
325 5200
327 5232
329 5264
331 5296
333 5328
335 5360
337 5392
339 5424
341 5456
343 5488
345 5520
347 5552
349 5584
351 5616
353 5648
355 5680
357 5712
359 5744
361 5776
363 5808
365 5840
367 5872
369 5904
371 5936
373 5968
375 6000
377 6032
379 6064
381 6096
383 6128
385 6160
387 6192
389 6224
391 6256
393 6288
395 6320
397 6352
399 6384
401 6416
403 6448
405 6480
407 6512
409 6544
411 6576
413 6608
415 6640
417 6672
419 6704
421 6736
423 6768
425 6800
427 6832
429 6864
431 6896
433 6928
435 6960
437 6992
439 7024
441 7056
443 7088
445 7120
447 7152
449 7184
451 7216
453 7248
455 7280
457 7312
459 7344
461 7376
463 7408
465 7440
467 7472
469 7504
471 7536
473 7568
475 7600
477 7632
479 7664
481 7696
483 7728
485 7760
487 7792
489 7824
491 7856
493 7888
495 7920
497 7952
499 7984
501 8016
503 8048
505 8080
507 8112
509 8144
511 8176
513 8208
515 8240
517 8272
519 8304
521 8336
523 8368
525 8400
527 8432
529 8464
531 8496
533 8528
535 8560
537 8592
539 8624
541 8656
543 8688
545 8720
547 8752
549 8784
551 8816
553 8848
555 8880
557 8912
559 8944
561 8976
563 9008
565 9040
567 9072
569 9104
571 9136
573 9168
575 9200
577 9232
579 9264
581 9296
583 9328
585 9360
587 9392
589 9424
591 9456
593 9488
595 9520
597 9552
599 9584
601 9616
603 9648
605 9680
607 9712
609 9744
611 9776
613 9808
615 9840
617 9872
619 9904
621 9936
623 9968
625 10000
627 10032
629 10064
631 10096
633 10128
635 10160
637 10192
639 10224
641 10256
643 10288
645 10320
647 10352
649 10384
651 10416
653 10448
655 10480
657 10512
659 10544
661 10576
663 10608
665 10640
667 10672
669 10704
671 10736
673 10768
675 10800
677 10832
679 10864
681 10896
683 10928
685 10960
687 10992
689 11024
691 11056
693 11088
695 11120
697 11152
699 11184
701 11216
703 11248
705 11280
707 11312
709 11344
711 11376
713 11408
715 11440
717 11472
719 11504
721 11536
723 11568
725 11600
727 11632
729 11664
731 11696
733 11728
735 11760
737 11792
739 11824
741 11856
743 11888
745 11920
747 11952
749 11984
751 12016
753 12048
755 12080
757 12112
759 12144
761 12176
763 12208
765 12240
767 12272
769 12304
771 12336
773 12368
775 12400
777 12432
779 12464
781 12496
783 12528
785 12560
787 12592
789 12624
791 12656
793 12688
795 12720
797 12752
799 12784
801 12816
803 12848
805 12880
807 12912
809 12944
811 12976
813 13008
815 13040
817 13072
819 13104
821 13136
823 13168
825 13200
827 13232
829 13264
831 13296
833 13328
835 13360
837 13392
839 13424
841 13456
843 13488
845 13520
847 13552
849 13584
851 13616
853 13648
855 13680
857 13712
859 13744
861 13776
863 13808
865 13840
867 13872
869 13904
871 13936
873 13968
875 14000
877 14032
879 14064
881 14096
883 14128
885 14160
887 14192
889 14224
891 14256
893 14288
895 14320
897 14352
899 14384
901 14416
903 14448
905 14480
907 14512
909 14544
911 14576
913 14608
915 14640
917 14672
919 14704
921 14736
923 14768
925 14800
927 14832
929 14864
931 14896
933 14928
935 14960
937 14992
939 15024
941 15056
943 15088
945 15120
947 15152
949 15184
951 15216
953 15248
955 15280
957 15312
959 15344
961 15376
963 15408
965 15440
967 15472
969 15504
971 15536
973 15568
975 15600
977 15632
979 15664
981 15696
983 15728
985 15760
987 15792
989 15824
991 15856
993 15888
995 15920
997 15952
999 15984
1001 16016
1003 16048
1005 16080
1007 16112
1009 16144
1011 16176
1013 16208
1015 16240
1017 16272
1019 16304
1021 16336
1023 16368
1025 16400
1027 16432
1029 16464
1031 16496
1033 16528
1035 16560
1037 16592
1039 16624
1041 16656
1043 16688
1045 16720
1047 16752
1049 16784
1051 16816
1053 16848
1055 16880
1057 16912
1059 16944
1061 16976
1063 17008
1065 17040
1067 17072
1069 17104
1071 17136
1073 17168
1075 17200
1077 17232
1079 17264
1081 17296
1083 17328
1085 17360
1087 17392
1089 17424
1091 17456
1093 17488
1095 17520
1097 17552
1099 17584
1101 17616
1103 17648
1105 17680
1107 17712
1109 17744
1111 17776
1113 17808
1115 17840
1117 17872
1119 17904
1121 17936
1123 17968
1125 18000
1127 18032
1129 18064
1131 18096
1133 18128
1135 18160
1137 18192
1139 18224
1141 18256
1143 18288
1145 18320
1147 18352
1149 18384
1151 18416
1153 18448
1155 18480
1157 18512
1159 18544
1161 18576
1163 18608
1165 18640
1167 18672
1169 18704
1171 18736
1173 18768
1175 18800
1177 18832
1179 18864
1181 18896
1183 18928
1185 18960
1187 18992
1189 19024
1191 19056
1193 19088
1195 19120
1197 19152
1199 19184
1201 19216
1203 19248
1205 19280
1207 19312
1209 19344
1211 19376
1213 19408
1215 19440
1217 19472
1219 19504
1221 19536
1223 19568
1225 19600
1227 19632
1229 19664
1231 19696
1233 19728
1235 19760
1237 19792
1239 19824
1241 19856
1243 19888
1245 19920
1247 19952
1249 19984
1251 20016
1253 20048
1255 20080
1257 20112
1259 20144
1261 20176
1263 20208
1265 20240
1267 20272
1269 20304
1271 20336
1273 20368
1275 20400
1277 20432
1279 20464
1281 20496
1283 20528
1285 20560
1287 20592
1289 20624
1291 20656
1293 20688
1295 20720
1297 20752
1299 20784
1301 20816
1303 20848
1305 20880
1307 20912
1309 20944
1311 20976
1313 21008
1315 21040
1317 21072
1319 21104
1321 21136
1323 21168
1325 21200
1327 21232
1329 21264
1331 21296
1333 21328
1335 21360
1337 21392
1339 21424
1341 21456
1343 21488
1345 21520
1347 21552
1349 21584
1351 21616
1353 21648
1355 21680
1357 21712
1359 21744
1361 21776
1363 21808
1365 21840
1367 21872
1369 21904
1371 21936
1373 21968
1375 22000
1377 22032
1379 22064
1381 22096
1383 22128
1385 22160
1387 22192
1389 22224
1391 22256
1393 22288
1395 22320
1397 22352
1399 22384
1401 22416
1403 22448
1405 22480
1407 22512
1409 22544
1411 22576
1413 22608
1415 22640
1417 22672
1419 22704
1421 22736
1423 22768
1425 22800
1427 22832
1429 22864
1431 22896
1433 22928
1435 22960
1437 22992
1439 23024
1441 23056
1443 23088
1445 23120
1447 23152
1449 23184
1451 23216
1453 23248
1455 23280
1457 23312
1459 23344
1461 23376
1463 23408
1465 23440
1467 23472
1469 23504
1471 23536
1473 23568
1475 23600
1477 23632
1479 23664
1481 23696
1483 23728
1485 23760
1487 23792
1489 23824
1491 23856
1493 23888
1495 23920
1497 23952
1499 23984
1501 24016
1503 24048
1505 24080
1507 24112
1509 24144
1511 24176
1513 24208
1515 24240
1517 24272
1519 24304
1521 24336
1523 24368
1525 24400
1527 24432
1529 24464
1531 24496
1533 24528
1535 24560
1537 24592
1539 24624
1541 24656
1543 24688
1545 24720
1547 24752
1549 24784
1551 24816
1553 24848
1555 24880
1557 24912
1559 24944
1561 24976
1563 25008
1565 25040
1567 25072
1569 25104
1571 25136
1573 25168
1575 25200
1577 25232
1579 25264
1581 25296
1583 25328
1585 25360
1587 25392
1589 25424
1591 25456
1593 25488
1595 25520
1597 25552
1599 25584
1601 25616
1603 25648
1605 25680
1607 25712
1609 25744
1611 25776
1613 25808
1615 25840
1617 25872
1619 25904
1621 25936
1623 25968
1625 26000
1627 26032
1629 26064
1631 26096
1633 26128
1635 26160
1637 26192
1639 26224
1641 26256
1643 26288
1645 26320
1647 26352
1649 26384
1651 26416
1653 26448
1655 26480
1657 26512
1659 26544
1661 26576
1663 26608
1665 26640
1667 26672
1669 26704
1671 26736
1673 26768
1675 26800
1677 26832
1679 26864
1681 26896
1683 26928
1685 26960
1687 26992
1689 27024
1691 27056
1693 27088
1695 27120
1697 27152
1699 27184
1701 27216
1703 27248
1705 27280
1707 27312
1709 27344
1711 27376
1713 27408
1715 27440
1717 27472
1719 27504
1721 27536
1723 27568
1725 27600
1727 27632
1729 27664
1731 27696
1733 27728
1735 27760
1737 27792
1739 27824
1741 27856
1743 27888
1745 27920
1747 27952
1749 27984
1751 28016
1753 28048
1755 28080
1757 28112
1759 28144
1761 28176
1763 28208
1765 28240
1767 28272
1769 28304
1771 28336
1773 28368
1775 28400
1777 28432
1779 28464
1781 28496
1783 28528
1785 28560
1787 28592
1789 28624
1791 28656
1793 28688
1795 28720
1797 28752
1799 28784
1801 28816
1803 28848
1805 28880
1807 28912
1809 28944
1811 28976
1813 29008
1815 29040
1817 29072
1819 29104
1821 29136
1823 29168
1825 29200
1827 29232
1829 29264
1831 29296
1833 29328
1835 29360
1837 29392
1839 29424
1841 29456
1843 29488
1845 29520
1847 29552
1849 29584
1851 29616
1853 29648
1855 29680
1857 29712
1859 29744
1861 29776
1863 29808
1865 29840
1867 29872
1869 29904
1871 29936
1873 29968
1875 30000
1877 30032
1879 30064
1881 30096
1883 30128
1885 30160
1887 30192
1889 30224
1891 30256
1893 30288
1895 30320
1897 30352
1899 30384
1901 30416
1903 30448
1905 30480
1907 30512
1909 30544
1911 30576
1913 30608
1915 30640
1917 30672
1919 30704
1921 30736
1923 30768
1925 30800
1927 30832
1929 30864
1931 30896
1933 30928
1935 30960
1937 30992
1939 31024
1941 31056
1943 31088
1945 31120
1947 31152
1949 31184
1951 31216
1953 31248
1955 31280
1957 31312
1959 31344
1961 31376
1963 31408
1965 31440
1967 31472
1969 31504
1971 31536
1973 31568
1975 31600
1977 31632
1979 31664
1981 31696
1983 31728
1985 31760
1987 31792
1989 31824
1991 31856
1993 31888
1995 31920
1997 31952
1999 31984

1 32
3 96
5 160
7 224
9 288
11 352
13 416
15 480
17 544
19 608
21 672
23 736
25 800
27 864
29 928
31 992
33 1056
35 1120
37 1184
39 1248
41 1312
43 1376
45 1440
47 1504
49 1568
51 1632
53 1696
55 1760
57 1824
59 1888
61 1952
63 2016
65 2080
67 2144
69 2208
71 2272
73 2336
75 2400
77 2464
79 2528
81 2592
83 2656
85 2720
87 2784
89 2848
91 2912
93 2976
95 3040
97 3104
99 3168
101 3232
103 3296
105 3360
107 3424
109 3488
111 3552
113 3616
115 3680
117 3744
119 3808
121 3872
123 3936
125 4000
127 4064
129 4128
131 4192
133 4256
135 4320
137 4384
139 4448
141 4512
143 4576
145 4640
147 4704
149 4768
151 4832
153 4896
155 4960
157 5024
159 5088
161 5152
163 5216
165 5280
167 5344
169 5408
171 5472
173 5536
175 5600
177 5664
179 5728
181 5792
183 5856
185 5920
187 5984
189 6048
191 6112
193 6176
195 6240
197 6304
199 6368
201 6432
203 6496
205 6560
207 6624
209 6688
211 6752
213 6816
215 6880
217 6944
219 7008
221 7072
223 7136
225 7200
227 7264
229 7328
231 7392
233 7456
235 7520
237 7584
239 7648
241 7712
243 7776
245 7840
247 7904
249 7968
251 8032
253 8096
255 8160
257 8224
259 8288
261 8352
263 8416
265 8480
267 8544
269 8608
271 8672
273 8736
275 8800
277 8864
279 8928
281 8992
283 9056
285 9120
287 9184
289 9248
291 9312
293 9376
295 9440
297 9504
299 9568
301 9632
303 9696
305 9760
307 9824
309 9888
311 9952
313 10016
315 10080
317 10144
319 10208
321 10272
323 10336
325 10400
327 10464
329 10528
331 10592
333 10656
335 10720
337 10784
339 10848
341 10912
343 10976
345 11040
347 11104
349 11168
351 11232
353 11296
355 11360
357 11424
359 11488
361 11552
363 11616
365 11680
367 11744
369 11808
371 11872
373 11936
375 12000
377 12064
379 12128
381 12192
383 12256
385 12320
387 12384
389 12448
391 12512
393 12576
395 12640
397 12704
399 12768
401 12832
403 12896
405 12960
407 13024
409 13088
411 13152
413 13216
415 13280
417 13344
419 13408
421 13472
423 13536
425 13600
427 13664
429 13728
431 13792
433 13856
435 13920
437 13984
439 14048
441 14112
443 14176
445 14240
447 14304
449 14368
451 14432
453 14496
455 14560
457 14624
459 14688
461 14752
463 14816
465 14880
467 14944
469 15008
471 15072
473 15136
475 15200
477 15264
479 15328
481 15392
483 15456
485 15520
487 15584
489 15648
491 15712
493 15776
495 15840
497 15904
499 15968
501 16032
503 16096
505 16160
507 16224
509 16288
511 16352
513 16416
515 16480
517 16544
519 16608
521 16672
523 16736
525 16800
527 16864
529 16928
531 16992
533 17056
535 17120
537 17184
539 17248
541 17312
543 17376
545 17440
547 17504
549 17568
551 17632
553 17696
555 17760
557 17824
559 17888
561 17952
563 18016
565 18080
567 18144
569 18208
571 18272
573 18336
575 18400
577 18464
579 18528
581 18592
583 18656
585 18720
587 18784
589 18848
591 18912
593 18976
595 19040
597 19104
599 19168
601 19232
603 19296
605 19360
607 19424
609 19488
611 19552
613 19616
615 19680
617 19744
619 19808
621 19872
623 19936
625 20000
627 20064
629 20128
631 20192
633 20256
635 20320
637 20384
639 20448
641 20512
643 20576
645 20640
647 20704
649 20768
651 20832
653 20896
655 20960
657 21024
659 21088
661 21152
663 21216
665 21280
667 21344
669 21408
671 21472
673 21536
675 21600
677 21664
679 21728
681 21792
683 21856
685 21920
687 21984
689 22048
691 22112
693 22176
695 22240
697 22304
699 22368
701 22432
703 22496
705 22560
707 22624
709 22688
711 22752
713 22816
715 22880
717 22944
719 23008
721 23072
723 23136
725 23200
727 23264
729 23328
731 23392
733 23456
735 23520
737 23584
739 23648
741 23712
743 23776
745 23840
747 23904
749 23968
751 24032
753 24096
755 24160
757 24224
759 24288
761 24352
763 24416
765 24480
767 24544
769 24608
771 24672
773 24736
775 24800
777 24864
779 24928
781 24992
783 25056
785 25120
787 25184
789 25248
791 25312
793 25376
795 25440
797 25504
799 25568
801 25632
803 25696
805 25760
807 25824
809 25888
811 25952
813 26016
815 26080
817 26144
819 26208
821 26272
823 26336
825 26400
827 26464
829 26528
831 26592
833 26656
835 26720
837 26784
839 26848
841 26912
843 26976
845 27040
847 27104
849 27168
851 27232
853 27296
855 27360
857 27424
859 27488
861 27552
863 27616
865 27680
867 27744
869 27808
871 27872
873 27936
875 28000
877 28064
879 28128
881 28192
883 28256
885 28320
887 28384
889 28448
891 28512
893 28576
895 28640
897 28704
899 28768
901 28832
903 28896
905 28960
907 29024
909 29088
911 29152
913 29216
915 29280
917 29344
919 29408
921 29472
923 29536
925 29600
927 29664
929 29728
931 29792
933 29856
935 29920
937 29984
939 30048
941 30112
943 30176
945 30240
947 30304
949 30368
951 30432
953 30496
955 30560
957 30624
959 30688
961 30752
963 30816
965 30880
967 30944
969 31008
971 31072
973 31136
975 31200
977 31264
979 31328
981 31392
983 31456
985 31520
987 31584
989 31648
991 31712
993 31776
995 31840
997 31904
999 31968
1001 32032
1003 32096
1005 32160
1007 32224
1009 32288
1011 32352
1013 32416
1015 32480
1017 32544
1019 32608
1021 32672
1023 32736
1025 32800
1027 32864
1029 32928
1031 32992
1033 33056
1035 33120
1037 33184
1039 33248
1041 33312
1043 33376
1045 33440
1047 33504
1049 33568
1051 33632
1053 33696
1055 33760
1057 33824
1059 33888
1061 33952
1063 34016
1065 34080
1067 34144
1069 34208
1071 34272
1073 34336
1075 34400
1077 34464
1079 34528
1081 34592
1083 34656
1085 34720
1087 34784
1089 34848
1091 34912
1093 34976
1095 35040
1097 35104
1099 35168
1101 35232
1103 35296
1105 35360
1107 35424
1109 35488
1111 35552
1113 35616
1115 35680
1117 35744
1119 35808
1121 35872
1123 35936
1125 36000
1127 36064
1129 36128
1131 36192
1133 36256
1135 36320
1137 36384
1139 36448
1141 36512
1143 36576
1145 36640
1147 36704
1149 36768
1151 36832
1153 36896
1155 36960
1157 37024
1159 37088
1161 37152
1163 37216
1165 37280
1167 37344
1169 37408
1171 37472
1173 37536
1175 37600
1177 37664
1179 37728
1181 37792
1183 37856
1185 37920
1187 37984
1189 38048
1191 38112
1193 38176
1195 38240
1197 38304
1199 38368
1201 38432
1203 38496
1205 38560
1207 38624
1209 38688
1211 38752
1213 38816
1215 38880
1217 38944
1219 39008
1221 39072
1223 39136
1225 39200
1227 39264
1229 39328
1231 39392
1233 39456
1235 39520
1237 39584
1239 39648
1241 39712
1243 39776
1245 39840
1247 39904
1249 39968
1251 40032
1253 40096
1255 40160
1257 40224
1259 40288
1261 40352
1263 40416
1265 40480
1267 40544
1269 40608
1271 40672
1273 40736
1275 40800
1277 40864
1279 40928
1281 40992
1283 41056
1285 41120
1287 41184
1289 41248
1291 41312
1293 41376
1295 41440
1297 41504
1299 41568
1301 41632
1303 41696
1305 41760
1307 41824
1309 41888
1311 41952
1313 42016
1315 42080
1317 42144
1319 42208
1321 42272
1323 42336
1325 42400
1327 42464
1329 42528
1331 42592
1333 42656
1335 42720
1337 42784
1339 42848
1341 42912
1343 42976
1345 43040
1347 43104
1349 43168
1351 43232
1353 43296
1355 43360
1357 43424
1359 43488
1361 43552
1363 43616
1365 43680
1367 43744
1369 43808
1371 43872
1373 43936
1375 44000
1377 44064
1379 44128
1381 44192
1383 44256
1385 44320
1387 44384
1389 44448
1391 44512
1393 44576
1395 44640
1397 44704
1399 44768
1401 44832
1403 44896
1405 44960
1407 45024
1409 45088
1411 45152
1413 45216
1415 45280
1417 45344
1419 45408
1421 45472
1423 45536
1425 45600
1427 45664
1429 45728
1431 45792
1433 45856
1435 45920
1437 45984
1439 46048
1441 46112
1443 46176
1445 46240
1447 46304
1449 46368
1451 46432
1453 46496
1455 46560
1457 46624
1459 46688
1461 46752
1463 46816
1465 46880
1467 46944
1469 47008
1471 47072
1473 47136
1475 47200
1477 47264
1479 47328
1481 47392
1483 47456
1485 47520
1487 47584
1489 47648
1491 47712
1493 47776
1495 47840
1497 47904
1499 47968
1501 48032
1503 48096
1505 48160
1507 48224
1509 48288
1511 48352
1513 48416
1515 48480
1517 48544
1519 48608
1521 48672
1523 48736
1525 48800
1527 48864
1529 48928
1531 48992
1533 49056
1535 49120
1537 49184
1539 49248
1541 49312
1543 49376
1545 49440
1547 49504
1549 49568
1551 49632
1553 49696
1555 49760
1557 49824
1559 49888
1561 49952
1563 50016
1565 50080
1567 50144
1569 50208
1571 50272
1573 50336
1575 50400
1577 50464
1579 50528
1581 50592
1583 50656
1585 50720
1587 50784
1589 50848
1591 50912
1593 50976
1595 51040
1597 51104
1599 51168
1601 51232
1603 51296
1605 51360
1607 51424
1609 51488
1611 51552
1613 51616
1615 51680
1617 51744
1619 51808
1621 51872
1623 51936
1625 52000
1627 52064
1629 52128
1631 52192
1633 52256
1635 52320
1637 52384
1639 52448
1641 52512
1643 52576
1645 52640
1647 52704
1649 52768
1651 52832
1653 52896
1655 52960
1657 53024
1659 53088
1661 53152
1663 53216
1665 53280
1667 53344
1669 53408
1671 53472
1673 53536
1675 53600
1677 53664
1679 53728
1681 53792
1683 53856
1685 53920
1687 53984
1689 54048
1691 54112
1693 54176
1695 54240
1697 54304
1699 54368
1701 54432
1703 54496
1705 54560
1707 54624
1709 54688
1711 54752
1713 54816
1715 54880
1717 54944
1719 55008
1721 55072
1723 55136
1725 55200
1727 55264
1729 55328
1731 55392
1733 55456
1735 55520
1737 55584
1739 55648
1741 55712
1743 55776
1745 55840
1747 55904
1749 55968
1751 56032
1753 56096
1755 56160
1757 56224
1759 56288
1761 56352
1763 56416
1765 56480
1767 56544
1769 56608
1771 56672
1773 56736
1775 56800
1777 56864
1779 56928
1781 56992
1783 57056
1785 57120
1787 57184
1789 57248
1791 57312
1793 57376
1795 57440
1797 57504
1799 57568
1801 57632
1803 57696
1805 57760
1807 57824
1809 57888
1811 57952
1813 58016
1815 58080
1817 58144
1819 58208
1821 58272
1823 58336
1825 58400
1827 58464
1829 58528
1831 58592
1833 58656
1835 58720
1837 58784
1839 58848
1841 58912
1843 58976
1845 59040
1847 59104
1849 59168
1851 59232
1853 59296
1855 59360
1857 59424
1859 59488
1861 59552
1863 59616
1865 59680
1867 59744
1869 59808
1871 59872
1873 59936
1875 60000
1877 60064
1879 60128
1881 60192
1883 60256
1885 60320
1887 60384
1889 60448
1891 60512
1893 60576
1895 60640
1897 60704
1899 60768
1901 60832
1903 60896
1905 60960
1907 61024
1909 61088
1911 61152
1913 61216
1915 61280
1917 61344
1919 61408
1921 61472
1923 61536
1925 61600
1927 61664
1929 61728
1931 61792
1933 61856
1935 61920
1937 61984
1939 62048
1941 62112
1943 62176
1945 62240
1947 62304
1949 62368
1951 62432
1953 62496
1955 62560
1957 62624
1959 62688
1961 62752
1963 62816
1965 62880
1967 62944
1969 63008
1971 63072
1973 63136
1975 63200
1977 63264
1979 63328
1981 63392
1983 63456
1985 63520
1987 63584
1989 63648
1991 63712
1993 63776
1995 63840
1997 63904
1999 63968

1 64
3 192
5 320
7 448
9 576
11 704
13 832
15 960
17 1088
19 1216
21 1344
23 1472
25 1600
27 1728
29 1856
31 1984
33 2112
35 2240
37 2368
39 2496
41 2624
43 2752
45 2880
47 3008
49 3136
51 3264
53 3392
55 3520
57 3648
59 3776
61 3904
63 4032
65 4160
67 4288
69 4416
71 4544
73 4672
75 4800
77 4928
79 5056
81 5184
83 5312
85 5440
87 5568
89 5696
91 5824
93 5952
95 6080
97 6208
99 6336
101 6464
103 6592
105 6720
107 6848
109 6976
111 7104
113 7232
115 7360
117 7488
119 7616
121 7744
123 7872
125 8000
127 8128
129 8256
131 8384
133 8512
135 8640
137 8768
139 8896
141 9024
143 9152
145 9280
147 9408
149 9536
151 9664
153 9792
155 9920
157 10048
159 10176
161 10304
163 10432
165 10560
167 10688
169 10816
171 10944
173 11072
175 11200
177 11328
179 11456
181 11584
183 11712
185 11840
187 11968
189 12096
191 12224
193 12352
195 12480
197 12608
199 12736
201 12864
203 12992
205 13120
207 13248
209 13376
211 13504
213 13632
215 13760
217 13888
219 14016
221 14144
223 14272
225 14400
227 14528
229 14656
231 14784
233 14912
235 15040
237 15168
239 15296
241 15424
243 15552
245 15680
247 15808
249 15936
251 16064
253 16192
255 16320
257 16448
259 16576
261 16704
263 16832
265 16960
267 17088
269 17216
271 17344
273 17472
275 17600
277 17728
279 17856
281 17984
283 18112
285 18240
287 18368
289 18496
291 18624
293 18752
295 18880
297 19008
299 19136
301 19264
303 19392
305 19520
307 19648
309 19776
311 19904
313 20032
315 20160
317 20288
319 20416
321 20544
323 20672
325 20800
327 20928
329 21056
331 21184
333 21312
335 21440
337 21568
339 21696
341 21824
343 21952
345 22080
347 22208
349 22336
351 22464
353 22592
355 22720
357 22848
359 22976
361 23104
363 23232
365 23360
367 23488
369 23616
371 23744
373 23872
375 24000
377 24128
379 24256
381 24384
383 24512
385 24640
387 24768
389 24896
391 25024
393 25152
395 25280
397 25408
399 25536
401 25664
403 25792
405 25920
407 26048
409 26176
411 26304
413 26432
415 26560
417 26688
419 26816
421 26944
423 27072
425 27200
427 27328
429 27456
431 27584
433 27712
435 27840
437 27968
439 28096
441 28224
443 28352
445 28480
447 28608
449 28736
451 28864
453 28992
455 29120
457 29248
459 29376
461 29504
463 29632
465 29760
467 29888
469 30016
471 30144
473 30272
475 30400
477 30528
479 30656
481 30784
483 30912
485 31040
487 31168
489 31296
491 31424
493 31552
495 31680
497 31808
499 31936
501 32064
503 32192
505 32320
507 32448
509 32576
511 32704
513 32832
515 32960
517 33088
519 33216
521 33344
523 33472
525 33600
527 33728
529 33856
531 33984
533 34112
535 34240
537 34368
539 34496
541 34624
543 34752
545 34880
547 35008
549 35136
551 35264
553 35392
555 35520
557 35648
559 35776
561 35904
563 36032
565 36160
567 36288
569 36416
571 36544
573 36672
575 36800
577 36928
579 37056
581 37184
583 37312
585 37440
587 37568
589 37696
591 37824
593 37952
595 38080
597 38208
599 38336
601 38464
603 38592
605 38720
607 38848
609 38976
611 39104
613 39232
615 39360
617 39488
619 39616
621 39744
623 39872
625 40000
627 40128
629 40256
631 40384
633 40512
635 40640
637 40768
639 40896
641 41024
643 41152
645 41280
647 41408
649 41536
651 41664
653 41792
655 41920
657 42048
659 42176
661 42304
663 42432
665 42560
667 42688
669 42816
671 42944
673 43072
675 43200
677 43328
679 43456
681 43584
683 43712
685 43840
687 43968
689 44096
691 44224
693 44352
695 44480
697 44608
699 44736
701 44864
703 44992
705 45120
707 45248
709 45376
711 45504
713 45632
715 45760
717 45888
719 46016
721 46144
723 46272
725 46400
727 46528
729 46656
731 46784
733 46912
735 47040
737 47168
739 47296
741 47424
743 47552
745 47680
747 47808
749 47936
751 48064
753 48192
755 48320
757 48448
759 48576
761 48704
763 48832
765 48960
767 49088
769 49216
771 49344
773 49472
775 49600
777 49728
779 49856
781 49984
783 50112
785 50240
787 50368
789 50496
791 50624
793 50752
795 50880
797 51008
799 51136
801 51264
803 51392
805 51520
807 51648
809 51776
811 51904
813 52032
815 52160
817 52288
819 52416
821 52544
823 52672
825 52800
827 52928
829 53056
831 53184
833 53312
835 53440
837 53568
839 53696
841 53824
843 53952
845 54080
847 54208
849 54336
851 54464
853 54592
855 54720
857 54848
859 54976
861 55104
863 55232
865 55360
867 55488
869 55616
871 55744
873 55872
875 56000
877 56128
879 56256
881 56384
883 56512
885 56640
887 56768
889 56896
891 57024
893 57152
895 57280
897 57408
899 57536
901 57664
903 57792
905 57920
907 58048
909 58176
911 58304
913 58432
915 58560
917 58688
919 58816
921 58944
923 59072
925 59200
927 59328
929 59456
931 59584
933 59712
935 59840
937 59968
939 60096
941 60224
943 60352
945 60480
947 60608
949 60736
951 60864
953 60992
955 61120
957 61248
959 61376
961 61504
963 61632
965 61760
967 61888
969 62016
971 62144
973 62272
975 62400
977 62528
979 62656
981 62784
983 62912
985 63040
987 63168
989 63296
991 63424
993 63552
995 63680
997 63808
999 63936
1001 64064
1003 64192
1005 64320
1007 64448
1009 64576
1011 64704
1013 64832
1015 64960
1017 65088
1019 65216
1021 65344
1023 65472
1025 65600
1027 65728
1029 65856
1031 65984
1033 66112
1035 66240
1037 66368
1039 66496
1041 66624
1043 66752
1045 66880
1047 67008
1049 67136
1051 67264
1053 67392
1055 67520
1057 67648
1059 67776
1061 67904
1063 68032
1065 68160
1067 68288
1069 68416
1071 68544
1073 68672
1075 68800
1077 68928
1079 69056
1081 69184
1083 69312
1085 69440
1087 69568
1089 69696
1091 69824
1093 69952
1095 70080
1097 70208
1099 70336
1101 70464
1103 70592
1105 70720
1107 70848
1109 70976
1111 71104
1113 71232
1115 71360
1117 71488
1119 71616
1121 71744
1123 71872
1125 72000
1127 72128
1129 72256
1131 72384
1133 72512
1135 72640
1137 72768
1139 72896
1141 73024
1143 73152
1145 73280
1147 73408
1149 73536
1151 73664
1153 73792
1155 73920
1157 74048
1159 74176
1161 74304
1163 74432
1165 74560
1167 74688
1169 74816
1171 74944
1173 75072
1175 75200
1177 75328
1179 75456
1181 75584
1183 75712
1185 75840
1187 75968
1189 76096
1191 76224
1193 76352
1195 76480
1197 76608
1199 76736
1201 76864
1203 76992
1205 77120
1207 77248
1209 77376
1211 77504
1213 77632
1215 77760
1217 77888
1219 78016
1221 78144
1223 78272
1225 78400
1227 78528
1229 78656
1231 78784
1233 78912
1235 79040
1237 79168
1239 79296
1241 79424
1243 79552
1245 79680
1247 79808
1249 79936
1251 80064
1253 80192
1255 80320
1257 80448
1259 80576
1261 80704
1263 80832
1265 80960
1267 81088
1269 81216
1271 81344
1273 81472
1275 81600
1277 81728
1279 81856
1281 81984
1283 82112
1285 82240
1287 82368
1289 82496
1291 82624
1293 82752
1295 82880
1297 83008
1299 83136
1301 83264
1303 83392
1305 83520
1307 83648
1309 83776
1311 83904
1313 84032
1315 84160
1317 84288
1319 84416
1321 84544
1323 84672
1325 84800
1327 84928
1329 85056
1331 85184
1333 85312
1335 85440
1337 85568
1339 85696
1341 85824
1343 85952
1345 86080
1347 86208
1349 86336
1351 86464
1353 86592
1355 86720
1357 86848
1359 86976
1361 87104
1363 87232
1365 87360
1367 87488
1369 87616
1371 87744
1373 87872
1375 88000
1377 88128
1379 88256
1381 88384
1383 88512
1385 88640
1387 88768
1389 88896
1391 89024
1393 89152
1395 89280
1397 89408
1399 89536
1401 89664
1403 89792
1405 89920
1407 90048
1409 90176
1411 90304
1413 90432
1415 90560
1417 90688
1419 90816
1421 90944
1423 91072
1425 91200
1427 91328
1429 91456
1431 91584
1433 91712
1435 91840
1437 91968
1439 92096
1441 92224
1443 92352
1445 92480
1447 92608
1449 92736
1451 92864
1453 92992
1455 93120
1457 93248
1459 93376
1461 93504
1463 93632
1465 93760
1467 93888
1469 94016
1471 94144
1473 94272
1475 94400
1477 94528
1479 94656
1481 94784
1483 94912
1485 95040
1487 95168
1489 95296
1491 95424
1493 95552
1495 95680
1497 95808
1499 95936
1501 96064
1503 96192
1505 96320
1507 96448
1509 96576
1511 96704
1513 96832
1515 96960
1517 97088
1519 97216
1521 97344
1523 97472
1525 97600
1527 97728
1529 97856
1531 97984
1533 98112
1535 98240
1537 98368
1539 98496
1541 98624
1543 98752
1545 98880
1547 99008
1549 99136
1551 99264
1553 99392
1555 99520
1557 99648
1559 99776
1561 99904
1563 100032
1565 100160
1567 100288
1569 100416
1571 100544
1573 100672
1575 100800
1577 100928
1579 101056
1581 101184
1583 101312
1585 101440
1587 101568
1589 101696
1591 101824
1593 101952
1595 102080
1597 102208
1599 102336
1601 102464
1603 102592
1605 102720
1607 102848
1609 102976
1611 103104
1613 103232
1615 103360
1617 103488
1619 103616
1621 103744
1623 103872
1625 104000
1627 104128
1629 104256
1631 104384
1633 104512
1635 104640
1637 104768
1639 104896
1641 105024
1643 105152
1645 105280
1647 105408
1649 105536
1651 105664
1653 105792
1655 105920
1657 106048
1659 106176
1661 106304
1663 106432
1665 106560
1667 106688
1669 106816
1671 106944
1673 107072
1675 107200
1677 107328
1679 107456
1681 107584
1683 107712
1685 107840
1687 107968
1689 108096
1691 108224
1693 108352
1695 108480
1697 108608
1699 108736
1701 108864
1703 108992
1705 109120
1707 109248
1709 109376
1711 109504
1713 109632
1715 109760
1717 109888
1719 110016
1721 110144
1723 110272
1725 110400
1727 110528
1729 110656
1731 110784
1733 110912
1735 111040
1737 111168
1739 111296
1741 111424
1743 111552
1745 111680
1747 111808
1749 111936
1751 112064
1753 112192
1755 112320
1757 112448
1759 112576
1761 112704
1763 112832
1765 112960
1767 113088
1769 113216
1771 113344
1773 113472
1775 113600
1777 113728
1779 113856
1781 113984
1783 114112
1785 114240
1787 114368
1789 114496
1791 114624
1793 114752
1795 114880
1797 115008
1799 115136
1801 115264
1803 115392
1805 115520
1807 115648
1809 115776
1811 115904
1813 116032
1815 116160
1817 116288
1819 116416
1821 116544
1823 116672
1825 116800
1827 116928
1829 117056
1831 117184
1833 117312
1835 117440
1837 117568
1839 117696
1841 117824
1843 117952
1845 118080
1847 118208
1849 118336
1851 118464
1853 118592
1855 118720
1857 118848
1859 118976
1861 119104
1863 119232
1865 119360
1867 119488
1869 119616
1871 119744
1873 119872
1875 120000
1877 120128
1879 120256
1881 120384
1883 120512
1885 120640
1887 120768
1889 120896
1891 121024
1893 121152
1895 121280
1897 121408
1899 121536
1901 121664
1903 121792
1905 121920
1907 122048
1909 122176
1911 122304
1913 122432
1915 122560
1917 122688
1919 122816
1921 122944
1923 123072
1925 123200
1927 123328
1929 123456
1931 123584
1933 123712
1935 123840
1937 123968
1939 124096
1941 124224
1943 124352
1945 124480
1947 124608
1949 124736
1951 124864
1953 124992
1955 125120
1957 125248
1959 125376
1961 125504
1963 125632
1965 125760
1967 125888
1969 126016
1971 126144
1973 126272
1975 126400
1977 126528
1979 126656
1981 126784
1983 126912
1985 127040
1987 127168
1989 127296
1991 127424
1993 127552
1995 127680
1997 127808
1999 127936

1 128
3 384
5 640
7 896
9 1152
11 1408
13 1664
15 1920
17 2176
19 2432
21 2688
23 2944
25 3200
27 3456
29 3712
31 3968
33 4224
35 4480
37 4736
39 4992
41 5248
43 5504
45 5760
47 6016
49 6272
51 6528
53 6784
55 7040
57 7296
59 7552
61 7808
63 8064
65 8320
67 8576
69 8832
71 9088
73 9344
75 9600
77 9856
79 10112
81 10368
83 10624
85 10880
87 11136
89 11392
91 11648
93 11904
95 12160
97 12416
99 12672
101 12928
103 13184
105 13440
107 13696
109 13952
111 14208
113 14464
115 14720
117 14976
119 15232
121 15488
123 15744
125 16000
127 16256
129 16512
131 16768
133 17024
135 17280
137 17536
139 17792
141 18048
143 18304
145 18560
147 18816
149 19072
151 19328
153 19584
155 19840
157 20096
159 20352
161 20608
163 20864
165 21120
167 21376
169 21632
171 21888
173 22144
175 22400
177 22656
179 22912
181 23168
183 23424
185 23680
187 23936
189 24192
191 24448
193 24704
195 24960
197 25216
199 25472
201 25728
203 25984
205 26240
207 26496
209 26752
211 27008
213 27264
215 27520
217 27776
219 28032
221 28288
223 28544
225 28800
227 29056
229 29312
231 29568
233 29824
235 30080
237 30336
239 30592
241 30848
243 31104
245 31360
247 31616
249 31872
251 32128
253 32384
255 32640
257 32896
259 33152
261 33408
263 33664
265 33920
267 34176
269 34432
271 34688
273 34944
275 35200
277 35456
279 35712
281 35968
283 36224
285 36480
287 36736
289 36992
291 37248
293 37504
295 37760
297 38016
299 38272
301 38528
303 38784
305 39040
307 39296
309 39552
311 39808
313 40064
315 40320
317 40576
319 40832
321 41088
323 41344
325 41600
327 41856
329 42112
331 42368
333 42624
335 42880
337 43136
339 43392
341 43648
343 43904
345 44160
347 44416
349 44672
351 44928
353 45184
355 45440
357 45696
359 45952
361 46208
363 46464
365 46720
367 46976
369 47232
371 47488
373 47744
375 48000
377 48256
379 48512
381 48768
383 49024
385 49280
387 49536
389 49792
391 50048
393 50304
395 50560
397 50816
399 51072
401 51328
403 51584
405 51840
407 52096
409 52352
411 52608
413 52864
415 53120
417 53376
419 53632
421 53888
423 54144
425 54400
427 54656
429 54912
431 55168
433 55424
435 55680
437 55936
439 56192
441 56448
443 56704
445 56960
447 57216
449 57472
451 57728
453 57984
455 58240
457 58496
459 58752
461 59008
463 59264
465 59520
467 59776
469 60032
471 60288
473 60544
475 60800
477 61056
479 61312
481 61568
483 61824
485 62080
487 62336
489 62592
491 62848
493 63104
495 63360
497 63616
499 63872
501 64128
503 64384
505 64640
507 64896
509 65152
511 65408
513 65664
515 65920
517 66176
519 66432
521 66688
523 66944
525 67200
527 67456
529 67712
531 67968
533 68224
535 68480
537 68736
539 68992
541 69248
543 69504
545 69760
547 70016
549 70272
551 70528
553 70784
555 71040
557 71296
559 71552
561 71808
563 72064
565 72320
567 72576
569 72832
571 73088
573 73344
575 73600
577 73856
579 74112
581 74368
583 74624
585 74880
587 75136
589 75392
591 75648
593 75904
595 76160
597 76416
599 76672
601 76928
603 77184
605 77440
607 77696
609 77952
611 78208
613 78464
615 78720
617 78976
619 79232
621 79488
623 79744
625 80000
627 80256
629 80512
631 80768
633 81024
635 81280
637 81536
639 81792
641 82048
643 82304
645 82560
647 82816
649 83072
651 83328
653 83584
655 83840
657 84096
659 84352
661 84608
663 84864
665 85120
667 85376
669 85632
671 85888
673 86144
675 86400
677 86656
679 86912
681 87168
683 87424
685 87680
687 87936
689 88192
691 88448
693 88704
695 88960
697 89216
699 89472
701 89728
703 89984
705 90240
707 90496
709 90752
711 91008
713 91264
715 91520
717 91776
719 92032
721 92288
723 92544
725 92800
727 93056
729 93312
731 93568
733 93824
735 94080
737 94336
739 94592
741 94848
743 95104
745 95360
747 95616
749 95872
751 96128
753 96384
755 96640
757 96896
759 97152
761 97408
763 97664
765 97920
767 98176
769 98432
771 98688
773 98944
775 99200
777 99456
779 99712
781 99968
783 100224
785 100480
787 100736
789 100992
791 101248
793 101504
795 101760
797 102016
799 102272
801 102528
803 102784
805 103040
807 103296
809 103552
811 103808
813 104064
815 104320
817 104576
819 104832
821 105088
823 105344
825 105600
827 105856
829 106112
831 106368
833 106624
835 106880
837 107136
839 107392
841 107648
843 107904
845 108160
847 108416
849 108672
851 108928
853 109184
855 109440
857 109696
859 109952
861 110208
863 110464
865 110720
867 110976
869 111232
871 111488
873 111744
875 112000
877 112256
879 112512
881 112768
883 113024
885 113280
887 113536
889 113792
891 114048
893 114304
895 114560
897 114816
899 115072
901 115328
903 115584
905 115840
907 116096
909 116352
911 116608
913 116864
915 117120
917 117376
919 117632
921 117888
923 118144
925 118400
927 118656
929 118912
931 119168
933 119424
935 119680
937 119936
939 120192
941 120448
943 120704
945 120960
947 121216
949 121472
951 121728
953 121984
955 122240
957 122496
959 122752
961 123008
963 123264
965 123520
967 123776
969 124032
971 124288
973 124544
975 124800
977 125056
979 125312
981 125568
983 125824
985 126080
987 126336
989 126592
991 126848
993 127104
995 127360
997 127616
999 127872
1001 128128
1003 128384
1005 128640
1007 128896
1009 129152
1011 129408
1013 129664
1015 129920
1017 130176
1019 130432
1021 130688
1023 130944
1025 131200
1027 131456
1029 131712
1031 131968
1033 132224
1035 132480
1037 132736
1039 132992
1041 133248
1043 133504
1045 133760
1047 134016
1049 134272
1051 134528
1053 134784
1055 135040
1057 135296
1059 135552
1061 135808
1063 136064
1065 136320
1067 136576
1069 136832
1071 137088
1073 137344
1075 137600
1077 137856
1079 138112
1081 138368
1083 138624
1085 138880
1087 139136
1089 139392
1091 139648
1093 139904
1095 140160
1097 140416
1099 140672
1101 140928
1103 141184
1105 141440
1107 141696
1109 141952
1111 142208
1113 142464
1115 142720
1117 142976
1119 143232
1121 143488
1123 143744
1125 144000
1127 144256
1129 144512
1131 144768
1133 145024
1135 145280
1137 145536
1139 145792
1141 146048
1143 146304
1145 146560
1147 146816
1149 147072
1151 147328
1153 147584
1155 147840
1157 148096
1159 148352
1161 148608
1163 148864
1165 149120
1167 149376
1169 149632
1171 149888
1173 150144
1175 150400
1177 150656
1179 150912
1181 151168
1183 151424
1185 151680
1187 151936
1189 152192
1191 152448
1193 152704
1195 152960
1197 153216
1199 153472
1201 153728
1203 153984
1205 154240
1207 154496
1209 154752
1211 155008
1213 155264
1215 155520
1217 155776
1219 156032
1221 156288
1223 156544
1225 156800
1227 157056
1229 157312
1231 157568
1233 157824
1235 158080
1237 158336
1239 158592
1241 158848
1243 159104
1245 159360
1247 159616
1249 159872
1251 160128
1253 160384
1255 160640
1257 160896
1259 161152
1261 161408
1263 161664
1265 161920
1267 162176
1269 162432
1271 162688
1273 162944
1275 163200
1277 163456
1279 163712
1281 163968
1283 164224
1285 164480
1287 164736
1289 164992
1291 165248
1293 165504
1295 165760
1297 166016
1299 166272
1301 166528
1303 166784
1305 167040
1307 167296
1309 167552
1311 167808
1313 168064
1315 168320
1317 168576
1319 168832
1321 169088
1323 169344
1325 169600
1327 169856
1329 170112
1331 170368
1333 170624
1335 170880
1337 171136
1339 171392
1341 171648
1343 171904
1345 172160
1347 172416
1349 172672
1351 172928
1353 173184
1355 173440
1357 173696
1359 173952
1361 174208
1363 174464
1365 174720
1367 174976
1369 175232
1371 175488
1373 175744
1375 176000
1377 176256
1379 176512
1381 176768
1383 177024
1385 177280
1387 177536
1389 177792
1391 178048
1393 178304
1395 178560
1397 178816
1399 179072
1401 179328
1403 179584
1405 179840
1407 180096
1409 180352
1411 180608
1413 180864
1415 181120
1417 181376
1419 181632
1421 181888
1423 182144
1425 182400
1427 182656
1429 182912
1431 183168
1433 183424
1435 183680
1437 183936
1439 184192
1441 184448
1443 184704
1445 184960
1447 185216
1449 185472
1451 185728
1453 185984
1455 186240
1457 186496
1459 186752
1461 187008
1463 187264
1465 187520
1467 187776
1469 188032
1471 188288
1473 188544
1475 188800
1477 189056
1479 189312
1481 189568
1483 189824
1485 190080
1487 190336
1489 190592
1491 190848
1493 191104
1495 191360
1497 191616
1499 191872
1501 192128
1503 192384
1505 192640
1507 192896
1509 193152
1511 193408
1513 193664
1515 193920
1517 194176
1519 194432
1521 194688
1523 194944
1525 195200
1527 195456
1529 195712
1531 195968
1533 196224
1535 196480
1537 196736
1539 196992
1541 197248
1543 197504
1545 197760
1547 198016
1549 198272
1551 198528
1553 198784
1555 199040
1557 199296
1559 199552
1561 199808
1563 200064
1565 200320
1567 200576
1569 200832
1571 201088
1573 201344
1575 201600
1577 201856
1579 202112
1581 202368
1583 202624
1585 202880
1587 203136
1589 203392
1591 203648
1593 203904
1595 204160
1597 204416
1599 204672
1601 204928
1603 205184
1605 205440
1607 205696
1609 205952
1611 206208
1613 206464
1615 206720
1617 206976
1619 207232
1621 207488
1623 207744
1625 208000
1627 208256
1629 208512
1631 208768
1633 209024
1635 209280
1637 209536
1639 209792
1641 210048
1643 210304
1645 210560
1647 210816
1649 211072
1651 211328
1653 211584
1655 211840
1657 212096
1659 212352
1661 212608
1663 212864
1665 213120
1667 213376
1669 213632
1671 213888
1673 214144
1675 214400
1677 214656
1679 214912
1681 215168
1683 215424
1685 215680
1687 215936
1689 216192
1691 216448
1693 216704
1695 216960
1697 217216
1699 217472
1701 217728
1703 217984
1705 218240
1707 218496
1709 218752
1711 219008
1713 219264
1715 219520
1717 219776
1719 220032
1721 220288
1723 220544
1725 220800
1727 221056
1729 221312
1731 221568
1733 221824
1735 222080
1737 222336
1739 222592
1741 222848
1743 223104
1745 223360
1747 223616
1749 223872
1751 224128
1753 224384
1755 224640
1757 224896
1759 225152
1761 225408
1763 225664
1765 225920
1767 226176
1769 226432
1771 226688
1773 226944
1775 227200
1777 227456
1779 227712
1781 227968
1783 228224
1785 228480
1787 228736
1789 228992
1791 229248
1793 229504
1795 229760
1797 230016
1799 230272
1801 230528
1803 230784
1805 231040
1807 231296
1809 231552
1811 231808
1813 232064
1815 232320
1817 232576
1819 232832
1821 233088
1823 233344
1825 233600
1827 233856
1829 234112
1831 234368
1833 234624
1835 234880
1837 235136
1839 235392
1841 235648
1843 235904
1845 236160
1847 236416
1849 236672
1851 236928
1853 237184
1855 237440
1857 237696
1859 237952
1861 238208
1863 238464
1865 238720
1867 238976
1869 239232
1871 239488
1873 239744
1875 240000
1877 240256
1879 240512
1881 240768
1883 241024
1885 241280
1887 241536
1889 241792
1891 242048
1893 242304
1895 242560
1897 242816
1899 243072
1901 243328
1903 243584
1905 243840
1907 244096
1909 244352
1911 244608
1913 244864
1915 245120
1917 245376
1919 245632
1921 245888
1923 246144
1925 246400
1927 246656
1929 246912
1931 247168
1933 247424
1935 247680
1937 247936
1939 248192
1941 248448
1943 248704
1945 248960
1947 249216
1949 249472
1951 249728
1953 249984
1955 250240
1957 250496
1959 250752
1961 251008
1963 251264
1965 251520
1967 251776
1969 252032
1971 252288
1973 252544
1975 252800
1977 253056
1979 253312
1981 253568
1983 253824
1985 254080
1987 254336
1989 254592
1991 254848
1993 255104
1995 255360
1997 255616
1999 255872

1 256
3 768
5 1280
7 1792
9 2304
11 2816
13 3328
15 3840
17 4352
19 4864
21 5376
23 5888
25 6400
27 6912
29 7424
31 7936
33 8448
35 8960
37 9472
39 9984
41 10496
43 11008
45 11520
47 12032
49 12544
51 13056
53 13568
55 14080
57 14592
59 15104
61 15616
63 16128
65 16640
67 17152
69 17664
71 18176
73 18688
75 19200
77 19712
79 20224
81 20736
83 21248
85 21760
87 22272
89 22784
91 23296
93 23808
95 24320
97 24832
99 25344
101 25856
103 26368
105 26880
107 27392
109 27904
111 28416
113 28928
115 29440
117 29952
119 30464
121 30976
123 31488
125 32000
127 32512
129 33024
131 33536
133 34048
135 34560
137 35072
139 35584
141 36096
143 36608
145 37120
147 37632
149 38144
151 38656
153 39168
155 39680
157 40192
159 40704
161 41216
163 41728
165 42240
167 42752
169 43264
171 43776
173 44288
175 44800
177 45312
179 45824
181 46336
183 46848
185 47360
187 47872
189 48384
191 48896
193 49408
195 49920
197 50432
199 50944
201 51456
203 51968
205 52480
207 52992
209 53504
211 54016
213 54528
215 55040
217 55552
219 56064
221 56576
223 57088
225 57600
227 58112
229 58624
231 59136
233 59648
235 60160
237 60672
239 61184
241 61696
243 62208
245 62720
247 63232
249 63744
251 64256
253 64768
255 65280
257 65792
259 66304
261 66816
263 67328
265 67840
267 68352
269 68864
271 69376
273 69888
275 70400
277 70912
279 71424
281 71936
283 72448
285 72960
287 73472
289 73984
291 74496
293 75008
295 75520
297 76032
299 76544
301 77056
303 77568
305 78080
307 78592
309 79104
311 79616
313 80128
315 80640
317 81152
319 81664
321 82176
323 82688
325 83200
327 83712
329 84224
331 84736
333 85248
335 85760
337 86272
339 86784
341 87296
343 87808
345 88320
347 88832
349 89344
351 89856
353 90368
355 90880
357 91392
359 91904
361 92416
363 92928
365 93440
367 93952
369 94464
371 94976
373 95488
375 96000
377 96512
379 97024
381 97536
383 98048
385 98560
387 99072
389 99584
391 100096
393 100608
395 101120
397 101632
399 102144
401 102656
403 103168
405 103680
407 104192
409 104704
411 105216
413 105728
415 106240
417 106752
419 107264
421 107776
423 108288
425 108800
427 109312
429 109824
431 110336
433 110848
435 111360
437 111872
439 112384
441 112896
443 113408
445 113920
447 114432
449 114944
451 115456
453 115968
455 116480
457 116992
459 117504
461 118016
463 118528
465 119040
467 119552
469 120064
471 120576
473 121088
475 121600
477 122112
479 122624
481 123136
483 123648
485 124160
487 124672
489 125184
491 125696
493 126208
495 126720
497 127232
499 127744
501 128256
503 128768
505 129280
507 129792
509 130304
511 130816
513 131328
515 131840
517 132352
519 132864
521 133376
523 133888
525 134400
527 134912
529 135424
531 135936
533 136448
535 136960
537 137472
539 137984
541 138496
543 139008
545 139520
547 140032
549 140544
551 141056
553 141568
555 142080
557 142592
559 143104
561 143616
563 144128
565 144640
567 145152
569 145664
571 146176
573 146688
575 147200
577 147712
579 148224
581 148736
583 149248
585 149760
587 150272
589 150784
591 151296
593 151808
595 152320
597 152832
599 153344
601 153856
603 154368
605 154880
607 155392
609 155904
611 156416
613 156928
615 157440
617 157952
619 158464
621 158976
623 159488
625 160000
627 160512
629 161024
631 161536
633 162048
635 162560
637 163072
639 163584
641 164096
643 164608
645 165120
647 165632
649 166144
651 166656
653 167168
655 167680
657 168192
659 168704
661 169216
663 169728
665 170240
667 170752
669 171264
671 171776
673 172288
675 172800
677 173312
679 173824
681 174336
683 174848
685 175360
687 175872
689 176384
691 176896
693 177408
695 177920
697 178432
699 178944
701 179456
703 179968
705 180480
707 180992
709 181504
711 182016
713 182528
715 183040
717 183552
719 184064
721 184576
723 185088
725 185600
727 186112
729 186624
731 187136
733 187648
735 188160
737 188672
739 189184
741 189696
743 190208
745 190720
747 191232
749 191744
751 192256
753 192768
755 193280
757 193792
759 194304
761 194816
763 195328
765 195840
767 196352
769 196864
771 197376
773 197888
775 198400
777 198912
779 199424
781 199936
783 200448
785 200960
787 201472
789 201984
791 202496
793 203008
795 203520
797 204032
799 204544
801 205056
803 205568
805 206080
807 206592
809 207104
811 207616
813 208128
815 208640
817 209152
819 209664
821 210176
823 210688
825 211200
827 211712
829 212224
831 212736
833 213248
835 213760
837 214272
839 214784
841 215296
843 215808
845 216320
847 216832
849 217344
851 217856
853 218368
855 218880
857 219392
859 219904
861 220416
863 220928
865 221440
867 221952
869 222464
871 222976
873 223488
875 224000
877 224512
879 225024
881 225536
883 226048
885 226560
887 227072
889 227584
891 228096
893 228608
895 229120
897 229632
899 230144
901 230656
903 231168
905 231680
907 232192
909 232704
911 233216
913 233728
915 234240
917 234752
919 235264
921 235776
923 236288
925 236800
927 237312
929 237824
931 238336
933 238848
935 239360
937 239872
939 240384
941 240896
943 241408
945 241920
947 242432
949 242944
951 243456
953 243968
955 244480
957 244992
959 245504
961 246016
963 246528
965 247040
967 247552
969 248064
971 248576
973 249088
975 249600
977 250112
979 250624
981 251136
983 251648
985 252160
987 252672
989 253184
991 253696
993 254208
995 254720
997 255232
999 255744
1001 256256
1003 256768
1005 257280
1007 257792
1009 258304
1011 258816
1013 259328
1015 259840
1017 260352
1019 260864
1021 261376
1023 261888
1025 262400
1027 262912
1029 263424
1031 263936
1033 264448
1035 264960
1037 265472
1039 265984
1041 266496
1043 267008
1045 267520
1047 268032
1049 268544
1051 269056
1053 269568
1055 270080
1057 270592
1059 271104
1061 271616
1063 272128
1065 272640
1067 273152
1069 273664
1071 274176
1073 274688
1075 275200
1077 275712
1079 276224
1081 276736
1083 277248
1085 277760
1087 278272
1089 278784
1091 279296
1093 279808
1095 280320
1097 280832
1099 281344
1101 281856
1103 282368
1105 282880
1107 283392
1109 283904
1111 284416
1113 284928
1115 285440
1117 285952
1119 286464
1121 286976
1123 287488
1125 288000
1127 288512
1129 289024
1131 289536
1133 290048
1135 290560
1137 291072
1139 291584
1141 292096
1143 292608
1145 293120
1147 293632
1149 294144
1151 294656
1153 295168
1155 295680
1157 296192
1159 296704
1161 297216
1163 297728
1165 298240
1167 298752
1169 299264
1171 299776

1 512
3 1536
5 2560
7 3584
9 4608
11 5632
13 6656
15 7680
17 8704
19 9728
21 10752
23 11776
25 12800
27 13824
29 14848
31 15872
33 16896
35 17920
37 18944
39 19968
41 20992
43 22016
45 23040
47 24064
49 25088
51 26112
53 27136
55 28160
57 29184
59 30208
61 31232
63 32256
65 33280
67 34304
69 35328
71 36352
73 37376
75 38400
77 39424
79 40448
81 41472
83 42496
85 43520
87 44544
89 45568
91 46592
93 47616
95 48640
97 49664
99 50688
101 51712
103 52736
105 53760
107 54784
109 55808
111 56832
113 57856
115 58880
117 59904
119 60928
121 61952
123 62976
125 64000
127 65024
129 66048
131 67072
133 68096
135 69120
137 70144
139 71168
141 72192
143 73216
145 74240
147 75264
149 76288
151 77312
153 78336
155 79360
157 80384
159 81408
161 82432
163 83456
165 84480
167 85504
169 86528
171 87552
173 88576
175 89600
177 90624
179 91648
181 92672
183 93696
185 94720
187 95744
189 96768
191 97792
193 98816
195 99840
197 100864
199 101888
201 102912
203 103936
205 104960
207 105984
209 107008
211 108032
213 109056
215 110080
217 111104
219 112128
221 113152
223 114176
225 115200
227 116224
229 117248
231 118272
233 119296
235 120320
237 121344
239 122368
241 123392
243 124416
245 125440
247 126464
249 127488
251 128512
253 129536
255 130560
257 131584
259 132608
261 133632
263 134656
265 135680
267 136704
269 137728
271 138752
273 139776
275 140800
277 141824
279 142848
281 143872
283 144896
285 145920
287 146944
289 147968
291 148992
293 150016
295 151040
297 152064
299 153088
301 154112
303 155136
305 156160
307 157184
309 158208
311 159232
313 160256
315 161280
317 162304
319 163328
321 164352
323 165376
325 166400
327 167424
329 168448
331 169472
333 170496
335 171520
337 172544
339 173568
341 174592
343 175616
345 176640
347 177664
349 178688
351 179712
353 180736
355 181760
357 182784
359 183808
361 184832
363 185856
365 186880
367 187904
369 188928
371 189952
373 190976
375 192000
377 193024
379 194048
381 195072
383 196096
385 197120
387 198144
389 199168
391 200192
393 201216
395 202240
397 203264
399 204288
401 205312
403 206336
405 207360
407 208384
409 209408
411 210432
413 211456
415 212480
417 213504
419 214528
421 215552
423 216576
425 217600
427 218624
429 219648
431 220672
433 221696
435 222720
437 223744
439 224768
441 225792
443 226816
445 227840
447 228864
449 229888
451 230912
453 231936
455 232960
457 233984
459 235008
461 236032
463 237056
465 238080
467 239104
469 240128
471 241152
473 242176
475 243200
477 244224
479 245248
481 246272
483 247296
485 248320
487 249344
489 250368
491 251392
493 252416
495 253440
497 254464
499 255488
501 256512
503 257536
505 258560
507 259584
509 260608
511 261632
513 262656
515 263680
517 264704
519 265728
521 266752
523 267776
525 268800
527 269824
529 270848
531 271872
533 272896
535 273920
537 274944
539 275968
541 276992
543 278016
545 279040
547 280064
549 281088
551 282112
553 283136
555 284160
557 285184
559 286208
561 287232
563 288256
565 289280
567 290304
569 291328
571 292352
573 293376
575 294400
577 295424
579 296448
581 297472
583 298496
585 299520

