5 640
213 213

11 1408
469 469

17 2176
725 725

23 2944
981 981

29 3712
1237 1237

35 4480
1493 1493

41 5248
1749 1749

47 6016
2005 2005

53 6784
2261 2261

59 7552
2517 2517

65 8320
2773 2773

71 9088
3029 3029

77 9856
3285 3285

83 10624
3541 3541

89 11392
3797 3797

95 12160
4053 4053

101 12928
4309 4309

107 13696
4565 4565

113 14464
4821 4821

119 15232
5077 5077

125 16000
5333 5333

131 16768
5589 5589

137 17536
5845 5845

143 18304
6101 6101

149 19072
6357 6357

155 19840
6613 6613

161 20608
6869 6869

167 21376
7125 7125

173 22144
7381 7381

179 22912
7637 7637

185 23680
7893 7893

191 24448
8149 8149

197 25216
8405 8405

203 25984
8661 8661

209 26752
8917 8917

215 27520
9173 9173

221 28288
9429 9429

227 29056
9685 9685

233 29824
9941 9941

239 30592
10197 10197

245 31360
10453 10453

251 32128
10709 10709

257 32896
10965 10965

263 33664
11221 11221

269 34432
11477 11477

275 35200
11733 11733

281 35968
11989 11989

287 36736
12245 12245

293 37504
12501 12501

299 38272
12757 12757

305 39040
13013 13013

311 39808
13269 13269

317 40576
13525 13525

323 41344
13781 13781

329 42112
14037 14037

335 42880
14293 14293

341 43648
14549 14549

347 44416
14805 14805

353 45184
15061 15061

359 45952
15317 15317

365 46720
15573 15573

371 47488
15829 15829

377 48256
16085 16085

383 49024
16341 16341

389 49792
16597 16597

395 50560
16853 16853

401 51328
17109 17109

407 52096
17365 17365

413 52864
17621 17621

419 53632
17877 17877

425 54400
18133 18133

431 55168
18389 18389

437 55936
18645 18645

443 56704
18901 18901

449 57472
19157 19157

455 58240
19413 19413

461 59008
19669 19669

467 59776
19925 19925

473 60544
20181 20181

479 61312
20437 20437

485 62080
20693 20693

491 62848
20949 20949

497 63616
21205 21205

503 64384
21461 21461

509 65152
21717 21717

515 65920
21973 21973

521 66688
22229 22229

527 67456
22485 22485

533 68224
22741 22741

539 68992
22997 22997

545 69760
23253 23253

551 70528
23509 23509

557 71296
23765 23765

563 72064
24021 24021

569 72832
24277 24277

575 73600
24533 24533

581 74368
24789 24789

587 75136
25045 25045

593 75904
25301 25301

599 76672
25557 25557

605 77440
25813 25813

611 78208
26069 26069

617 78976
26325 26325

623 79744
26581 26581

629 80512
26837 26837

635 81280
27093 27093

641 82048
27349 27349

647 82816
27605 27605

653 83584
27861 27861

659 84352
28117 28117

665 85120
28373 28373

671 85888
28629 28629

677 86656
28885 28885

683 87424
29141 29141

689 88192
29397 29397

695 88960
29653 29653

701 89728
29909 29909

707 90496
30165 30165

713 91264
30421 30421

719 92032
30677 30677

725 92800
30933 30933

731 93568
31189 31189

737 94336
31445 31445

743 95104
31701 31701

749 95872
31957 31957

755 96640
32213 32213

761 97408
32469 32469

767 98176
32725 32725

773 98944
32981 32981

779 99712
33237 33237

785 100480
33493 33493

791 101248
33749 33749

797 102016
34005 34005

803 102784
34261 34261

809 103552
34517 34517

815 104320
34773 34773

821 105088
35029 35029

827 105856
35285 35285

833 106624
35541 35541

839 107392
35797 35797

845 108160
36053 36053

851 108928
36309 36309

857 109696
36565 36565

863 110464
36821 36821

869 111232
37077 37077

875 112000
37333 37333

881 112768
37589 37589

887 113536
37845 37845

893 114304
38101 38101

899 115072
38357 38357

905 115840
38613 38613

911 116608
38869 38869

917 117376
39125 39125

923 118144
39381 39381

929 118912
39637 39637

935 119680
39893 39893

941 120448
40149 40149

947 121216
40405 40405

953 121984
40661 40661

959 122752
40917 40917

965 123520
41173 41173

971 124288
41429 41429

977 125056
41685 41685

983 125824
41941 41941

989 126592
42197 42197

995 127360
42453 42453

1001 128128
42709 42709

1007 128896
42965 42965

1013 129664
43221 43221

1019 130432
43477 43477

1025 131200
43733 43733

1031 131968
43989 43989

1037 132736
44245 44245

1043 133504
44501 44501

1049 134272
44757 44757

1055 135040
45013 45013

1061 135808
45269 45269

1067 136576
45525 45525

1073 137344
45781 45781

1079 138112
46037 46037

1085 138880
46293 46293

1091 139648
46549 46549

1097 140416
46805 46805

1103 141184
47061 47061

1109 141952
47317 47317

1115 142720
47573 47573

1121 143488
47829 47829

1127 144256
48085 48085

1133 145024
48341 48341

1139 145792
48597 48597

1145 146560
48853 48853

1151 147328
49109 49109

1157 148096
49365 49365

1163 148864
49621 49621

1169 149632
49877 49877

1175 150400
50133 50133

1181 151168
50389 50389

1187 151936
50645 50645

1193 152704
50901 50901

1199 153472
51157 51157

1205 154240
51413 51413

1211 155008
51669 51669

1217 155776
51925 51925

1223 156544
52181 52181

1229 157312
52437 52437

1235 158080
52693 52693

1241 158848
52949 52949

1247 159616
53205 53205

1253 160384
53461 53461

1259 161152
53717 53717

1265 161920
53973 53973

1271 162688
54229 54229

1277 163456
54485 54485

1283 164224
54741 54741

1289 164992
54997 54997

1295 165760
55253 55253

1301 166528
55509 55509

1307 167296
55765 55765

1313 168064
56021 56021

1319 168832
56277 56277

1325 169600
56533 56533

1331 170368
56789 56789

1337 171136
57045 57045

1343 171904
57301 57301

1349 172672
57557 57557

1355 173440
57813 57813

1361 174208
58069 58069

1367 174976
58325 58325

1373 175744
58581 58581

1379 176512
58837 58837

1385 177280
59093 59093

1391 178048
59349 59349

1397 178816
59605 59605

1403 179584
59861 59861

1409 180352
60117 60117

1415 181120
60373 60373

1421 181888
60629 60629

1427 182656
60885 60885

1433 183424
61141 61141

1439 184192
61397 61397

1445 184960
61653 61653

1451 185728
61909 61909

1457 186496
62165 62165

1463 187264
62421 62421

1469 188032
62677 62677

1475 188800
62933 62933

1481 189568
63189 63189

1487 190336
63445 63445

1493 191104
63701 63701

1499 191872
63957 63957

1505 192640
64213 64213

1511 193408
64469 64469

1517 194176
64725 64725

1523 194944
64981 64981

1529 195712
65237 65237

1535 196480
65493 65493

1541 197248
65749 65749

1547 198016
66005 66005

1553 198784
66261 66261

1559 199552
66517 66517

1565 200320
66773 66773

1571 201088
67029 67029

1577 201856
67285 67285

1583 202624
67541 67541

1589 203392
67797 67797

1595 204160
68053 68053

1601 204928
68309 68309

1607 205696
68565 68565

1613 206464
68821 68821

1619 207232
69077 69077

1625 208000
69333 69333

1631 208768
69589 69589

1637 209536
69845 69845

1643 210304
70101 70101

1649 211072
70357 70357

1655 211840
70613 70613

1661 212608
70869 70869

1667 213376
71125 71125

1673 214144
71381 71381

1679 214912
71637 71637

1685 215680
71893 71893

1691 216448
72149 72149

1697 217216
72405 72405

1703 217984
72661 72661

1709 218752
72917 72917

1715 219520
73173 73173

1721 220288
73429 73429

1727 221056
73685 73685

1733 221824
73941 73941

1739 222592
74197 74197

1745 223360
74453 74453

1751 224128
74709 74709

1757 224896
74965 74965

1763 225664
75221 75221

1769 226432
75477 75477

1775 227200
75733 75733

1781 227968
75989 75989

1787 228736
76245 76245

1793 229504
76501 76501

1799 230272
76757 76757

1805 231040
77013 77013

1811 231808
77269 77269

1817 232576
77525 77525

1823 233344
77781 77781

1829 234112
78037 78037

1835 234880
78293 78293

1841 235648
78549 78549

1847 236416
78805 78805

1853 237184
79061 79061

1859 237952
79317 79317

1865 238720
79573 79573

1871 239488
79829 79829

1877 240256
80085 80085

1883 241024
80341 80341

1889 241792
80597 80597

1895 242560
80853 80853

1901 243328
81109 81109

1907 244096
81365 81365

1913 244864
81621 81621

1919 245632
81877 81877

1925 246400
82133 82133

1931 247168
82389 82389

1937 247936
82645 82645

1943 248704
82901 82901

1949 249472
83157 83157

1955 250240
83413 83413

1961 251008
83669 83669

1967 251776
83925 83925

1973 252544
84181 84181

1979 253312
84437 84437

1985 254080
84693 84693

1991 254848
84949 84949

1997 255616
85205 85205

