5 5
3 0

11 11
7 0

17 17
11 0

23 23
15 0

29 29
19 0

35 35
23 0

41 41
27 0

47 47
31 0

53 53
35 0

59 59
39 0

65 65
43 0

71 71
47 0

77 77
51 0

83 83
55 0

89 89
59 0

95 95
63 0

101 101
67 0

107 107
71 0

113 113
75 0

119 119
79 0

125 125
83 0

131 131
87 0

137 137
91 0

143 143
95 0

149 149
99 0

155 155
103 0

161 161
107 0

167 167
111 0

173 173
115 0

179 179
119 0

185 185
123 0

191 191
127 0

197 197
131 0

203 203
135 0

209 209
139 0

215 215
143 0

221 221
147 0

227 227
151 0

233 233
155 0

239 239
159 0

245 245
163 0

251 251
167 0

257 257
171 0

263 263
175 0

269 269
179 0

275 275
183 0

281 281
187 0

287 287
191 0

293 293
195 0

299 299
199 0

305 305
203 0

311 311
207 0

317 317
211 0

323 323
215 0

329 329
219 0

335 335
223 0

341 341
227 0

347 347
231 0

353 353
235 0

359 359
239 0

365 365
243 0

371 371
247 0

377 377
251 0

383 383
255 0

389 389
259 0

395 395
263 0

401 401
267 0

407 407
271 0

413 413
275 0

419 419
279 0

425 425
283 0

431 431
287 0

437 437
291 0

443 443
295 0

449 449
299 0

455 455
303 0

461 461
307 0

467 467
311 0

473 473
315 0

479 479
319 0

485 485
323 0

491 491
327 0

497 497
331 0

503 503
335 0

509 509
339 0

515 515
343 0

521 521
347 0

527 527
351 0

533 533
355 0

539 539
359 0

545 545
363 0

551 551
367 0

557 557
371 0

563 563
375 0

569 569
379 0

575 575
383 0

581 581
387 0

587 587
391 0

593 593
395 0

599 599
399 0

605 605
403 0

611 611
407 0

617 617
411 0

623 623
415 0

629 629
419 0

635 635
423 0

641 641
427 0

647 647
431 0

653 653
435 0

659 659
439 0

665 665
443 0

671 671
447 0

677 677
451 0

683 683
455 0

689 689
459 0

695 695
463 0

701 701
467 0

707 707
471 0

713 713
475 0

719 719
479 0

725 725
483 0

731 731
487 0

737 737
491 0

743 743
495 0

749 749
499 0

755 755
503 0

761 761
507 0

767 767
511 0

773 773
515 0

779 779
519 0

785 785
523 0

791 791
527 0

797 797
531 0

803 803
535 0

809 809
539 0

815 815
543 0

821 821
547 0

827 827
551 0

833 833
555 0

839 839
559 0

845 845
563 0

851 851
567 0

857 857
571 0

863 863
575 0

869 869
579 0

875 875
583 0

881 881
587 0

887 887
591 0

893 893
595 0

899 899
599 0

905 905
603 0

911 911
607 0

917 917
611 0

923 923
615 0

929 929
619 0

935 935
623 0

941 941
627 0

947 947
631 0

953 953
635 0

959 959
639 0

965 965
643 0

971 971
647 0

977 977
651 0

983 983
655 0

989 989
659 0

995 995
663 0

1001 1001
667 0

1007 1007
671 0

1013 1013
675 0

1019 1019
679 0

1025 1025
683 0

1031 1031
687 0

1037 1037
691 0

1043 1043
695 0

1049 1049
699 0

1055 1055
703 0

1061 1061
707 0

1067 1067
711 0

1073 1073
715 0

1079 1079
719 0

1085 1085
723 0

1091 1091
727 0

1097 1097
731 0

1103 1103
735 0

1109 1109
739 0

1115 1115
743 0

1121 1121
747 0

1127 1127
751 0

1133 1133
755 0

1139 1139
759 0

1145 1145
763 0

1151 1151
767 0

1157 1157
771 0

1163 1163
775 0

1169 1169
779 0

1175 1175
783 0

1181 1181
787 0

1187 1187
791 0

1193 1193
795 0

1199 1199
799 0

1205 1205
803 0

1211 1211
807 0

1217 1217
811 0

1223 1223
815 0

1229 1229
819 0

1235 1235
823 0

1241 1241
827 0

1247 1247
831 0

1253 1253
835 0

1259 1259
839 0

1265 1265
843 0

1271 1271
847 0

1277 1277
851 0

1283 1283
855 0

1289 1289
859 0

1295 1295
863 0

1301 1301
867 0

1307 1307
871 0

1313 1313
875 0

1319 1319
879 0

1325 1325
883 0

1331 1331
887 0

1337 1337
891 0

1343 1343
895 0

1349 1349
899 0

1355 1355
903 0

1361 1361
907 0

1367 1367
911 0

1373 1373
915 0

1379 1379
919 0

1385 1385
923 0

1391 1391
927 0

1397 1397
931 0

1403 1403
935 0

1409 1409
939 0

1415 1415
943 0

1421 1421
947 0

1427 1427
951 0

1433 1433
955 0

1439 1439
959 0

1445 1445
963 0

1451 1451
967 0

1457 1457
971 0

1463 1463
975 0

1469 1469
979 0

1475 1475
983 0

1481 1481
987 0

1487 1487
991 0

1493 1493
995 0

1499 1499
999 0

1505 1505
1003 0

1511 1511
1007 0

1517 1517
1011 0

1523 1523
1015 0

1529 1529
1019 0

1535 1535
1023 0

1541 1541
1027 0

1547 1547
1031 0

1553 1553
1035 0

1559 1559
1039 0

1565 1565
1043 0

1571 1571
1047 0

1577 1577
1051 0

1583 1583
1055 0

1589 1589
1059 0

1595 1595
1063 0

1601 1601
1067 0

1607 1607
1071 0

1613 1613
1075 0

1619 1619
1079 0

1625 1625
1083 0

1631 1631
1087 0

1637 1637
1091 0

1643 1643
1095 0

1649 1649
1099 0

1655 1655
1103 0

1661 1661
1107 0

1667 1667
1111 0

1673 1673
1115 0

1679 1679
1119 0

1685 1685
1123 0

1691 1691
1127 0

1697 1697
1131 0

1703 1703
1135 0

1709 1709
1139 0

1715 1715
1143 0

1721 1721
1147 0

1727 1727
1151 0

1733 1733
1155 0

1739 1739
1159 0

1745 1745
1163 0

1751 1751
1167 0

1757 1757
1171 0

1763 1763
1175 0

1769 1769
1179 0

1775 1775
1183 0

1781 1781
1187 0

1787 1787
1191 0

1793 1793
1195 0

1799 1799
1199 0

1805 1805
1203 0

1811 1811
1207 0

1817 1817
1211 0

1823 1823
1215 0

1829 1829
1219 0

1835 1835
1223 0

1841 1841
1227 0

1847 1847
1231 0

1853 1853
1235 0

1859 1859
1239 0

1865 1865
1243 0

1871 1871
1247 0

1877 1877
1251 0

1883 1883
1255 0

1889 1889
1259 0

1895 1895
1263 0

1901 1901
1267 0

1907 1907
1271 0

1913 1913
1275 0

1919 1919
1279 0

1925 1925
1283 0

1931 1931
1287 0

1937 1937
1291 0

1943 1943
1295 0

1949 1949
1299 0

1955 1955
1303 0

1961 1961
1307 0

1967 1967
1311 0

1973 1973
1315 0

1979 1979
1319 0

1985 1985
1323 0

1991 1991
1327 0

1997 1997
1331 0

