1 32
3 96
5 160
7 224
9 288
11 352
13 416
15 480
17 544
19 608
21 672
23 736
25 800
27 864
29 928
31 992
33 1056
35 1120
37 1184
39 1248
41 1312
43 1376
45 1440
47 1504
49 1568
51 1632
53 1696
55 1760
57 1824
59 1888
61 1952
63 2016
65 2080
67 2144
69 2208
71 2272
73 2336
75 2400
77 2464
79 2528
81 2592
83 2656
85 2720
87 2784
89 2848
91 2912
93 2976
95 3040
97 3104
99 3168
101 3232
103 3296
105 3360
107 3424
109 3488
111 3552
113 3616
115 3680
117 3744
119 3808
121 3872
123 3936
125 4000
127 4064
129 4128
131 4192
133 4256
135 4320
137 4384
139 4448
141 4512
143 4576
145 4640
147 4704
149 4768
151 4832
153 4896
155 4960
157 5024
159 5088
161 5152
163 5216
165 5280
167 5344
169 5408
171 5472
173 5536
175 5600
177 5664
179 5728
181 5792
183 5856
185 5920
187 5984
189 6048
191 6112
193 6176
195 6240
197 6304
199 6368
201 6432
203 6496
205 6560
207 6624
209 6688
211 6752
213 6816
215 6880
217 6944
219 7008
221 7072
223 7136
225 7200
227 7264
229 7328
231 7392
233 7456
235 7520
237 7584
239 7648
241 7712
243 7776
245 7840
247 7904
249 7968
251 8032
253 8096
255 8160
257 8224
259 8288
261 8352
263 8416
265 8480
267 8544
269 8608
271 8672
273 8736
275 8800
277 8864
279 8928
281 8992
283 9056
285 9120
287 9184
289 9248
291 9312
293 9376
295 9440
297 9504
299 9568
301 9632
303 9696
305 9760
307 9824
309 9888
311 9952
313 10016
315 10080
317 10144
319 10208
321 10272
323 10336
325 10400
327 10464
329 10528
331 10592
333 10656
335 10720
337 10784
339 10848
341 10912
343 10976
345 11040
347 11104
349 11168
351 11232
353 11296
355 11360
357 11424
359 11488
361 11552
363 11616
365 11680
367 11744
369 11808
371 11872
373 11936
375 12000
377 12064
379 12128
381 12192
383 12256
385 12320
387 12384
389 12448
391 12512
393 12576
395 12640
397 12704
399 12768
401 12832
403 12896
405 12960
407 13024
409 13088
411 13152
413 13216
415 13280
417 13344
419 13408
421 13472
423 13536
425 13600
427 13664
429 13728
431 13792
433 13856
435 13920
437 13984
439 14048
441 14112
443 14176
445 14240
447 14304
449 14368
451 14432
453 14496
455 14560
457 14624
459 14688
461 14752
463 14816
465 14880
467 14944
469 15008
471 15072
473 15136
475 15200
477 15264
479 15328
481 15392
483 15456
485 15520
487 15584
489 15648
491 15712
493 15776
495 15840
497 15904
499 15968
501 16032
503 16096
505 16160
507 16224
509 16288
511 16352
513 16416
515 16480
517 16544
519 16608
521 16672
523 16736
525 16800
527 16864
529 16928
531 16992
533 17056
535 17120
537 17184
539 17248
541 17312
543 17376
545 17440
547 17504
549 17568
551 17632
553 17696
555 17760
557 17824
559 17888
561 17952
563 18016
565 18080
567 18144
569 18208
571 18272
573 18336
575 18400
577 18464
579 18528
581 18592
583 18656
585 18720
587 18784
589 18848
591 18912
593 18976
595 19040
597 19104
599 19168
601 19232
603 19296
605 19360
607 19424
609 19488
611 19552
613 19616
615 19680
617 19744
619 19808
621 19872
623 19936
625 20000
627 20064
629 20128
631 20192
633 20256
635 20320
637 20384
639 20448
641 20512
643 20576
645 20640
647 20704
649 20768
651 20832
653 20896
655 20960
657 21024
659 21088
661 21152
663 21216
665 21280
667 21344
669 21408
671 21472
673 21536
675 21600
677 21664
679 21728
681 21792
683 21856
685 21920
687 21984
689 22048
691 22112
693 22176
695 22240
697 22304
699 22368
701 22432
703 22496
705 22560
707 22624
709 22688
711 22752
713 22816
715 22880
717 22944
719 23008
721 23072
723 23136
725 23200
727 23264
729 23328
731 23392
733 23456
735 23520
737 23584
739 23648
741 23712
743 23776
745 23840
747 23904
749 23968
751 24032
753 24096
755 24160
757 24224
759 24288
761 24352
763 24416
765 24480
767 24544
769 24608
771 24672
773 24736
775 24800
777 24864
779 24928
781 24992
783 25056
785 25120
787 25184
789 25248
791 25312
793 25376
795 25440
797 25504
799 25568
801 25632
803 25696
805 25760
807 25824
809 25888
811 25952
813 26016
815 26080
817 26144
819 26208
821 26272
823 26336
825 26400
827 26464
829 26528
831 26592
833 26656
835 26720
837 26784
839 26848
841 26912
843 26976
845 27040
847 27104
849 27168
851 27232
853 27296
855 27360
857 27424
859 27488
861 27552
863 27616
865 27680
867 27744
869 27808
871 27872
873 27936
875 28000
877 28064
879 28128
881 28192
883 28256
885 28320
887 28384
889 28448
891 28512
893 28576
895 28640
897 28704
899 28768
901 28832
903 28896
905 28960
907 29024
909 29088
911 29152
913 29216
915 29280
917 29344
919 29408
921 29472
923 29536
925 29600
927 29664
929 29728
931 29792
933 29856
935 29920
937 29984
939 30048
941 30112
943 30176
945 30240
947 30304
949 30368
951 30432
953 30496
955 30560
957 30624
959 30688
961 30752
963 30816
965 30880
967 30944
969 31008
971 31072
973 31136
975 31200
977 31264
979 31328
981 31392
983 31456
985 31520
987 31584
989 31648
991 31712
993 31776
995 31840
997 31904
999 31968
1001 32032
1003 32096
1005 32160
1007 32224
1009 32288
1011 32352
1013 32416
1015 32480
1017 32544
1019 32608
1021 32672
1023 32736
1025 32800
1027 32864
1029 32928
1031 32992
1033 33056
1035 33120
1037 33184
1039 33248
1041 33312
1043 33376
1045 33440
1047 33504
1049 33568
1051 33632
1053 33696
1055 33760
1057 33824
1059 33888
1061 33952
1063 34016
1065 34080
1067 34144
1069 34208
1071 34272
1073 34336
1075 34400
1077 34464
1079 34528
1081 34592
1083 34656
1085 34720
1087 34784
1089 34848
1091 34912
1093 34976
1095 35040
1097 35104
1099 35168
1101 35232
1103 35296
1105 35360
1107 35424
1109 35488
1111 35552
1113 35616
1115 35680
1117 35744
1119 35808
1121 35872
1123 35936
1125 36000
1127 36064
1129 36128
1131 36192
1133 36256
1135 36320
1137 36384
1139 36448
1141 36512
1143 36576
1145 36640
1147 36704
1149 36768
1151 36832
1153 36896
1155 36960
1157 37024
1159 37088
1161 37152
1163 37216
1165 37280
1167 37344
1169 37408
1171 37472
1173 37536
1175 37600
1177 37664
1179 37728
1181 37792
1183 37856
1185 37920
1187 37984
1189 38048
1191 38112
1193 38176
1195 38240
1197 38304
1199 38368
1201 38432
1203 38496
1205 38560
1207 38624
1209 38688
1211 38752
1213 38816
1215 38880
1217 38944
1219 39008
1221 39072
1223 39136
1225 39200
1227 39264
1229 39328
1231 39392
1233 39456
1235 39520
1237 39584
1239 39648
1241 39712
1243 39776
1245 39840
1247 39904
1249 39968
1251 40032
1253 40096
1255 40160
1257 40224
1259 40288
1261 40352
1263 40416
1265 40480
1267 40544
1269 40608
1271 40672
1273 40736
1275 40800
1277 40864
1279 40928
1281 40992
1283 41056
1285 41120
1287 41184
1289 41248
1291 41312
1293 41376
1295 41440
1297 41504
1299 41568
1301 41632
1303 41696
1305 41760
1307 41824
1309 41888
1311 41952
1313 42016
1315 42080
1317 42144
1319 42208
1321 42272
1323 42336
1325 42400
1327 42464
1329 42528
1331 42592
1333 42656
1335 42720
1337 42784
1339 42848
1341 42912
1343 42976
1345 43040
1347 43104
1349 43168
1351 43232
1353 43296
1355 43360
1357 43424
1359 43488
1361 43552
1363 43616
1365 43680
1367 43744
1369 43808
1371 43872
1373 43936
1375 44000
1377 44064
1379 44128
1381 44192
1383 44256
1385 44320
1387 44384
1389 44448
1391 44512
1393 44576
1395 44640
1397 44704
1399 44768
1401 44832
1403 44896
1405 44960
1407 45024
1409 45088
1411 45152
1413 45216
1415 45280
1417 45344
1419 45408
1421 45472
1423 45536
1425 45600
1427 45664
1429 45728
1431 45792
1433 45856
1435 45920
1437 45984
1439 46048
1441 46112
1443 46176
1445 46240
1447 46304
1449 46368
1451 46432
1453 46496
1455 46560
1457 46624
1459 46688
1461 46752
1463 46816
1465 46880
1467 46944
1469 47008
1471 47072
1473 47136
1475 47200
1477 47264
1479 47328
1481 47392
1483 47456
1485 47520
1487 47584
1489 47648
1491 47712
1493 47776
1495 47840
1497 47904
1499 47968
1501 48032
1503 48096
1505 48160
1507 48224
1509 48288
1511 48352
1513 48416
1515 48480
1517 48544
1519 48608
1521 48672
1523 48736
1525 48800
1527 48864
1529 48928
1531 48992
1533 49056
1535 49120
1537 49184
1539 49248
1541 49312
1543 49376
1545 49440
1547 49504
1549 49568
1551 49632
1553 49696
1555 49760
1557 49824
1559 49888
1561 49952
1563 50016
1565 50080
1567 50144
1569 50208
1571 50272
1573 50336
1575 50400
1577 50464
1579 50528
1581 50592
1583 50656
1585 50720
1587 50784
1589 50848
1591 50912
1593 50976
1595 51040
1597 51104
1599 51168
1601 51232
1603 51296
1605 51360
1607 51424
1609 51488
1611 51552
1613 51616
1615 51680
1617 51744
1619 51808
1621 51872
1623 51936
1625 52000
1627 52064
1629 52128
1631 52192
1633 52256
1635 52320
1637 52384
1639 52448
1641 52512
1643 52576
1645 52640
1647 52704
1649 52768
1651 52832
1653 52896
1655 52960
1657 53024
1659 53088
1661 53152
1663 53216
1665 53280
1667 53344
1669 53408
1671 53472
1673 53536
1675 53600
1677 53664
1679 53728
1681 53792
1683 53856
1685 53920
1687 53984
1689 54048
1691 54112
1693 54176
1695 54240
1697 54304
1699 54368
1701 54432
1703 54496
1705 54560
1707 54624
1709 54688
1711 54752
1713 54816
1715 54880
1717 54944
1719 55008
1721 55072
1723 55136
1725 55200
1727 55264
1729 55328
1731 55392
1733 55456
1735 55520
1737 55584
1739 55648
1741 55712
1743 55776
1745 55840
1747 55904
1749 55968
1751 56032
1753 56096
1755 56160
1757 56224
1759 56288
1761 56352
1763 56416
1765 56480
1767 56544
1769 56608
1771 56672
1773 56736
1775 56800
1777 56864
1779 56928
1781 56992
1783 57056
1785 57120
1787 57184
1789 57248
1791 57312
1793 57376
1795 57440
1797 57504
1799 57568
1801 57632
1803 57696
1805 57760
1807 57824
1809 57888
1811 57952
1813 58016
1815 58080
1817 58144
1819 58208
1821 58272
1823 58336
1825 58400
1827 58464
1829 58528
1831 58592
1833 58656
1835 58720
1837 58784
1839 58848
1841 58912
1843 58976
1845 59040
1847 59104
1849 59168
1851 59232
1853 59296
1855 59360
1857 59424
1859 59488
1861 59552
1863 59616
1865 59680
1867 59744
1869 59808
1871 59872
1873 59936
1875 60000
1877 60064
1879 60128
1881 60192
1883 60256
1885 60320
1887 60384
1889 60448
1891 60512
1893 60576
1895 60640
1897 60704
1899 60768
1901 60832
1903 60896
1905 60960
1907 61024
1909 61088
1911 61152
1913 61216
1915 61280
1917 61344
1919 61408
1921 61472
1923 61536
1925 61600
1927 61664
1929 61728
1931 61792
1933 61856
1935 61920
1937 61984
1939 62048
1941 62112
1943 62176
1945 62240
1947 62304
1949 62368
1951 62432
1953 62496
1955 62560
1957 62624
1959 62688
1961 62752
1963 62816
1965 62880
1967 62944
1969 63008
1971 63072
1973 63136
1975 63200
1977 63264
1979 63328
1981 63392
1983 63456
1985 63520
1987 63584
1989 63648
1991 63712
1993 63776
1995 63840
1997 63904
1999 63968
