

52 -13
17 -17

124 -31
41 -41

196 -49
65 -65

268 -67
89 -89

340 -85
113 -113

412 -103
137 -137

484 -121
161 -161

556 -139
185 -185

628 -157
209 -209

700 -175
233 -233

772 -193
257 -257

844 -211
281 -281

916 -229
305 -305

988 -247
329 -329

1060 -265
353 -353

1132 -283
377 -377

1204 -301
401 -401

1276 -319
425 -425

1348 -337
449 -449

1420 -355
473 -473

1492 -373
497 -497

1564 -391
521 -521

1636 -409
545 -545

1708 -427
569 -569

1780 -445
593 -593

1852 -463
617 -617

1924 -481
641 -641

1996 -499
665 -665

2068 -517
689 -689

2140 -535
713 -713

2212 -553
737 -737

2284 -571
761 -761

2356 -589
785 -785

2428 -607
809 -809

2500 -625
833 -833

2572 -643
857 -857

2644 -661
881 -881

2716 -679
905 -905

2788 -697
929 -929

2860 -715
953 -953

2932 -733
977 -977

3004 -751
1001 -1001

3076 -769
1025 -1025

3148 -787
1049 -1049

3220 -805
1073 -1073

3292 -823
1097 -1097

3364 -841
1121 -1121

3436 -859
1145 -1145

3508 -877
1169 -1169

3580 -895
1193 -1193

3652 -913
1217 -1217

3724 -931
1241 -1241

3796 -949
1265 -1265

3868 -967
1289 -1289

3940 -985
1313 -1313

4012 -1003
1337 -1337

4084 -1021
1361 -1361

4156 -1039
1385 -1385

4228 -1057
1409 -1409

4300 -1075
1433 -1433

4372 -1093
1457 -1457

4444 -1111
1481 -1481

4516 -1129
1505 -1505

4588 -1147
1529 -1529

4660 -1165
1553 -1553

4732 -1183
1577 -1577

4804 -1201
1601 -1601

4876 -1219
1625 -1625

4948 -1237
1649 -1649

5020 -1255
1673 -1673

5092 -1273
1697 -1697

5164 -1291
1721 -1721

5236 -1309
1745 -1745

5308 -1327
1769 -1769

5380 -1345
1793 -1793

5452 -1363
1817 -1817

5524 -1381
1841 -1841

5596 -1399
1865 -1865

5668 -1417
1889 -1889

5740 -1435
1913 -1913

5812 -1453
1937 -1937

5884 -1471
1961 -1961

5956 -1489
1985 -1985

6028 -1507
2009 -2009

6100 -1525
2033 -2033

6172 -1543
2057 -2057

6244 -1561
2081 -2081

6316 -1579
2105 -2105

6388 -1597
2129 -2129

6460 -1615
2153 -2153

6532 -1633
2177 -2177

6604 -1651
2201 -2201

6676 -1669
2225 -2225

6748 -1687
2249 -2249

6820 -1705
2273 -2273

6892 -1723
2297 -2297

6964 -1741
2321 -2321

7036 -1759
2345 -2345

7108 -1777
2369 -2369

7180 -1795
2393 -2393

7252 -1813
2417 -2417

7324 -1831
2441 -2441

7396 -1849
2465 -2465

7468 -1867
2489 -2489

7540 -1885
2513 -2513

7612 -1903
2537 -2537

7684 -1921
2561 -2561

7756 -1939
2585 -2585

7828 -1957
2609 -2609

7900 -1975
2633 -2633

7972 -1993
2657 -2657



16 -1
5 -5

304 -19
101 -101

592 -37
197 -197

880 -55
293 -293

1168 -73
389 -389

1456 -91
485 -485

1744 -109
581 -581

2032 -127
677 -677

2320 -145
773 -773

2608 -163
869 -869

2896 -181
965 -965

3184 -199
1061 -1061

3472 -217
1157 -1157

3760 -235
1253 -1253

4048 -253
1349 -1349

4336 -271
1445 -1445

4624 -289
1541 -1541

4912 -307
1637 -1637

5200 -325
1733 -1733

5488 -343
1829 -1829

5776 -361
1925 -1925

6064 -379
2021 -2021

6352 -397
2117 -2117

6640 -415
2213 -2213

6928 -433
2309 -2309

7216 -451
2405 -2405

7504 -469
2501 -2501

7792 -487
2597 -2597

8080 -505
2693 -2693

8368 -523
2789 -2789

8656 -541
2885 -2885

8944 -559
2981 -2981

9232 -577
3077 -3077

9520 -595
3173 -3173

9808 -613
3269 -3269

10096 -631
3365 -3365

10384 -649
3461 -3461

10672 -667
3557 -3557

10960 -685
3653 -3653

11248 -703
3749 -3749

11536 -721
3845 -3845

11824 -739
3941 -3941

12112 -757
4037 -4037

12400 -775
4133 -4133

12688 -793
4229 -4229

12976 -811
4325 -4325

13264 -829
4421 -4421

13552 -847
4517 -4517

13840 -865
4613 -4613

14128 -883
4709 -4709

14416 -901
4805 -4805

14704 -919
4901 -4901

14992 -937
4997 -4997

15280 -955
5093 -5093

15568 -973
5189 -5189

15856 -991
5285 -5285

16144 -1009
5381 -5381

16432 -1027
5477 -5477

16720 -1045
5573 -5573

17008 -1063
5669 -5669

17296 -1081
5765 -5765

17584 -1099
5861 -5861

17872 -1117
5957 -5957

18160 -1135
6053 -6053

18448 -1153
6149 -6149

18736 -1171
6245 -6245

19024 -1189
6341 -6341

19312 -1207
6437 -6437

19600 -1225
6533 -6533

19888 -1243
6629 -6629

20176 -1261
6725 -6725

20464 -1279
6821 -6821

20752 -1297
6917 -6917

21040 -1315
7013 -7013

21328 -1333
7109 -7109

21616 -1351
7205 -7205

21904 -1369
7301 -7301

22192 -1387
7397 -7397

22480 -1405
7493 -7493

22768 -1423
7589 -7589

23056 -1441
7685 -7685

23344 -1459
7781 -7781

23632 -1477
7877 -7877

23920 -1495
7973 -7973

24208 -1513
8069 -8069

24496 -1531
8165 -8165

24784 -1549
8261 -8261

25072 -1567
8357 -8357

25360 -1585
8453 -8453

25648 -1603
8549 -8549

25936 -1621
8645 -8645

26224 -1639
8741 -8741

26512 -1657
8837 -8837

26800 -1675
8933 -8933

27088 -1693
9029 -9029

27376 -1711
9125 -9125

27664 -1729
9221 -9221

27952 -1747
9317 -9317

28240 -1765
9413 -9413

28528 -1783
9509 -9509

28816 -1801
9605 -9605

29104 -1819
9701 -9701

29392 -1837
9797 -9797

29680 -1855
9893 -9893

29968 -1873
9989 -9989

30256 -1891
10085 -10085

30544 -1909
10181 -10181

30832 -1927
10277 -10277

31120 -1945
10373 -10373

31408 -1963
10469 -10469

31696 -1981
10565 -10565

31984 -1999
10661 -10661



448 -7
149 -149

1600 -25
533 -533

2752 -43
917 -917

3904 -61
1301 -1301

5056 -79
1685 -1685

6208 -97
2069 -2069

7360 -115
2453 -2453

8512 -133
2837 -2837

9664 -151
3221 -3221

10816 -169
3605 -3605

11968 -187
3989 -3989

13120 -205
4373 -4373

14272 -223
4757 -4757

15424 -241
5141 -5141

16576 -259
5525 -5525

17728 -277
5909 -5909

18880 -295
6293 -6293

20032 -313
6677 -6677

21184 -331
7061 -7061

22336 -349
7445 -7445

23488 -367
7829 -7829

24640 -385
8213 -8213

25792 -403
8597 -8597

26944 -421
8981 -8981

28096 -439
9365 -9365

29248 -457
9749 -9749

30400 -475
10133 -10133

31552 -493
10517 -10517

32704 -511
10901 -10901

33856 -529
11285 -11285

35008 -547
11669 -11669

36160 -565
12053 -12053

37312 -583
12437 -12437

38464 -601
12821 -12821

39616 -619
13205 -13205

40768 -637
13589 -13589

41920 -655
13973 -13973

43072 -673
14357 -14357

44224 -691
14741 -14741

45376 -709
15125 -15125

46528 -727
15509 -15509

47680 -745
15893 -15893

48832 -763
16277 -16277

49984 -781
16661 -16661

51136 -799
17045 -17045

52288 -817
17429 -17429

53440 -835
17813 -17813

54592 -853
18197 -18197

55744 -871
18581 -18581

56896 -889
18965 -18965

58048 -907
19349 -19349

59200 -925
19733 -19733

60352 -943
20117 -20117

61504 -961
20501 -20501

62656 -979
20885 -20885

63808 -997
21269 -21269

64960 -1015
21653 -21653

66112 -1033
22037 -22037

67264 -1051
22421 -22421

68416 -1069
22805 -22805

69568 -1087
23189 -23189

70720 -1105
23573 -23573

71872 -1123
23957 -23957

73024 -1141
24341 -24341

74176 -1159
24725 -24725

75328 -1177
25109 -25109

76480 -1195
25493 -25493

77632 -1213
25877 -25877

78784 -1231
26261 -26261

79936 -1249
26645 -26645

81088 -1267
27029 -27029

82240 -1285
27413 -27413

83392 -1303
27797 -27797

84544 -1321
28181 -28181

85696 -1339
28565 -28565

86848 -1357
28949 -28949

88000 -1375
29333 -29333

89152 -1393
29717 -29717

90304 -1411
30101 -30101

91456 -1429
30485 -30485

92608 -1447
30869 -30869

93760 -1465
31253 -31253

94912 -1483
31637 -31637

96064 -1501
32021 -32021

97216 -1519
32405 -32405

98368 -1537
32789 -32789

99520 -1555
33173 -33173

100672 -1573
33557 -33557

101824 -1591
33941 -33941

102976 -1609
34325 -34325

104128 -1627
34709 -34709

105280 -1645
35093 -35093

106432 -1663
35477 -35477

107584 -1681
35861 -35861

108736 -1699
36245 -36245

109888 -1717
36629 -36629

111040 -1735
37013 -37013

112192 -1753
37397 -37397

113344 -1771
37781 -37781

114496 -1789
38165 -38165

115648 -1807
38549 -38549

116800 -1825
38933 -38933

117952 -1843
39317 -39317

119104 -1861
39701 -39701

120256 -1879
40085 -40085

121408 -1897
40469 -40469

122560 -1915
40853 -40853

123712 -1933
41237 -41237

124864 -1951
41621 -41621

126016 -1969
42005 -42005

127168 -1987
42389 -42389



3328 -13
1109 -1109

7936 -31
2645 -2645

12544 -49
4181 -4181

17152 -67
5717 -5717

21760 -85
7253 -7253

26368 -103
8789 -8789

30976 -121
10325 -10325

35584 -139
11861 -11861

40192 -157
13397 -13397

44800 -175
14933 -14933

49408 -193
16469 -16469

54016 -211
18005 -18005

58624 -229
19541 -19541

63232 -247
21077 -21077

67840 -265
22613 -22613

72448 -283
24149 -24149

77056 -301
25685 -25685

81664 -319
27221 -27221

86272 -337
28757 -28757

90880 -355
30293 -30293

95488 -373
31829 -31829

100096 -391
33365 -33365

104704 -409
34901 -34901

109312 -427
36437 -36437

113920 -445
37973 -37973

118528 -463
39509 -39509

123136 -481
41045 -41045

127744 -499
42581 -42581

132352 -517
44117 -44117

136960 -535
45653 -45653

141568 -553
47189 -47189

146176 -571
48725 -48725

150784 -589
50261 -50261

155392 -607
51797 -51797

160000 -625
53333 -53333

164608 -643
54869 -54869

169216 -661
56405 -56405

173824 -679
57941 -57941

178432 -697
59477 -59477

183040 -715
61013 -61013

187648 -733
62549 -62549

192256 -751
64085 -64085

196864 -769
65621 -65621

201472 -787
67157 -67157

206080 -805
68693 -68693

210688 -823
70229 -70229

215296 -841
71765 -71765

219904 -859
73301 -73301

224512 -877
74837 -74837

229120 -895
76373 -76373

233728 -913
77909 -77909

238336 -931
79445 -79445

242944 -949
80981 -80981

247552 -967
82517 -82517

252160 -985
84053 -84053

256768 -1003
85589 -85589

261376 -1021
87125 -87125

265984 -1039
88661 -88661

270592 -1057
90197 -90197

275200 -1075
91733 -91733

279808 -1093
93269 -93269

284416 -1111
94805 -94805

289024 -1129
96341 -96341

293632 -1147
97877 -97877

298240 -1165
99413 -99413



1024 -1
341 -341

19456 -19
6485 -6485

37888 -37
12629 -12629

56320 -55
18773 -18773

74752 -73
24917 -24917

93184 -91
31061 -31061

111616 -109
37205 -37205

130048 -127
43349 -43349

148480 -145
49493 -49493

166912 -163
55637 -55637

185344 -181
61781 -61781

203776 -199
67925 -67925

222208 -217
74069 -74069

240640 -235
80213 -80213

259072 -253
86357 -86357

277504 -271
92501 -92501

295936 -289
98645 -98645


