    1    -1
    2    -1
    4    -1
    8    -1
   16    -1
   32    -1
   64    -1
  128    -1
  256    -1
  512    -1
 1024    -1
 2048    -1
 4096    -1
 8192    -1
16384    -1
32768    -1
65536    -1
131072    -1

    7    -7
   14    -7
   28    -7
   56    -7
  112    -7
  224    -7
  448    -7
  896    -7
 1792    -7
 3584    -7
 7168    -7
14336    -7
28672    -7
57344    -7
114688    -7

   13   -13
   26   -13
   52   -13
  104   -13
  208   -13
  416   -13
  832   -13
 1664   -13
 3328   -13
 6656   -13
13312   -13
26624   -13
53248   -13
106496   -13

   19   -19
   38   -19
   76   -19
  152   -19
  304   -19
  608   -19
 1216   -19
 2432   -19
 4864   -19
 9728   -19
19456   -19
38912   -19
77824   -19

   25   -25
   50   -25
  100   -25
  200   -25
  400   -25
  800   -25
 1600   -25
 3200   -25
 6400   -25
12800   -25
25600   -25
51200   -25
102400   -25

   31   -31
   62   -31
  124   -31
  248   -31
  496   -31
  992   -31
 1984   -31
 3968   -31
 7936   -31
15872   -31
31744   -31
63488   -31
126976   -31

   37   -37
   74   -37
  148   -37
  296   -37
  592   -37
 1184   -37
 2368   -37
 4736   -37
 9472   -37
18944   -37
37888   -37
75776   -37

   43   -43
   86   -43
  172   -43
  344   -43
  688   -43
 1376   -43
 2752   -43
 5504   -43
11008   -43
22016   -43
44032   -43
88064   -43

   49   -49
   98   -49
  196   -49
  392   -49
  784   -49
 1568   -49
 3136   -49
 6272   -49
12544   -49
25088   -49
50176   -49
100352   -49

   55   -55
  110   -55
  220   -55
  440   -55
  880   -55
 1760   -55
 3520   -55
 7040   -55
14080   -55
28160   -55
56320   -55
112640   -55

   61   -61
  122   -61
  244   -61
  488   -61
  976   -61
 1952   -61
 3904   -61
 7808   -61
15616   -61
31232   -61
62464   -61
124928   -61

   67   -67
  134   -67
  268   -67
  536   -67
 1072   -67
 2144   -67
 4288   -67
 8576   -67
17152   -67
34304   -67
68608   -67
137216   -67

   73   -73
  146   -73
  292   -73
  584   -73
 1168   -73
 2336   -73
 4672   -73
 9344   -73
18688   -73
37376   -73
74752   -73
149504   -73

   79   -79
  158   -79
  316   -79
  632   -79
 1264   -79
 2528   -79
 5056   -79
10112   -79
20224   -79
40448   -79
80896   -79

   85   -85
  170   -85
  340   -85
  680   -85
 1360   -85
 2720   -85
 5440   -85
10880   -85
21760   -85
43520   -85
87040   -85

   91   -91
  182   -91
  364   -91
  728   -91
 1456   -91
 2912   -91
 5824   -91
11648   -91
23296   -91
46592   -91
93184   -91

   97   -97
  194   -97
  388   -97
  776   -97
 1552   -97
 3104   -97
 6208   -97
12416   -97
24832   -97
49664   -97
99328   -97

  103  -103
  206  -103
  412  -103
  824  -103
 1648  -103
 3296  -103
 6592  -103
13184  -103
26368  -103
52736  -103
105472  -103

  109  -109
  218  -109
  436  -109
  872  -109
 1744  -109
 3488  -109
 6976  -109
13952  -109
27904  -109
55808  -109
111616  -109

  115  -115
  230  -115
  460  -115
  920  -115
 1840  -115
 3680  -115
 7360  -115
14720  -115
29440  -115
58880  -115
117760  -115

  121  -121
  242  -121
  484  -121
  968  -121
 1936  -121
 3872  -121
 7744  -121
15488  -121
30976  -121
61952  -121
123904  -121

  127  -127
  254  -127
  508  -127
 1016  -127
 2032  -127
 4064  -127
 8128  -127
16256  -127
32512  -127
65024  -127
130048  -127

  133  -133
  266  -133
  532  -133
 1064  -133
 2128  -133
 4256  -133
 8512  -133
17024  -133
34048  -133
68096  -133
136192  -133

  139  -139
  278  -139
  556  -139
 1112  -139
 2224  -139
 4448  -139
 8896  -139
17792  -139
35584  -139
71168  -139
142336  -139

  145  -145
  290  -145
  580  -145
 1160  -145
 2320  -145
 4640  -145
 9280  -145
18560  -145
37120  -145
74240  -145
148480  -145

  151  -151
  302  -151
  604  -151
 1208  -151
 2416  -151
 4832  -151
 9664  -151
19328  -151
38656  -151
77312  -151

  157  -157
  314  -157
  628  -157
 1256  -157
 2512  -157
 5024  -157
10048  -157
20096  -157
40192  -157
80384  -157

  163  -163
  326  -163
  652  -163
 1304  -163
 2608  -163
 5216  -163
10432  -163
20864  -163
41728  -163
83456  -163

  169  -169
  338  -169
  676  -169
 1352  -169
 2704  -169
 5408  -169
10816  -169
21632  -169
43264  -169
86528  -169

  175  -175
  350  -175
  700  -175
 1400  -175
 2800  -175
 5600  -175
11200  -175
22400  -175
44800  -175
89600  -175

  181  -181
  362  -181
  724  -181
 1448  -181
 2896  -181
 5792  -181
11584  -181
23168  -181
46336  -181
92672  -181

  187  -187
  374  -187
  748  -187
 1496  -187
 2992  -187
 5984  -187
11968  -187
23936  -187
47872  -187
95744  -187

  193  -193
  386  -193
  772  -193
 1544  -193
 3088  -193
 6176  -193
12352  -193
24704  -193
49408  -193
98816  -193

  199  -199
  398  -199
  796  -199
 1592  -199
 3184  -199
 6368  -199
12736  -199
25472  -199
50944  -199
101888  -199

  205  -205
  410  -205
  820  -205
 1640  -205
 3280  -205
 6560  -205
13120  -205
26240  -205
52480  -205
104960  -205

  211  -211
  422  -211
  844  -211
 1688  -211
 3376  -211
 6752  -211
13504  -211
27008  -211
54016  -211
108032  -211

  217  -217
  434  -217
  868  -217
 1736  -217
 3472  -217
 6944  -217
13888  -217
27776  -217
55552  -217
111104  -217

  223  -223
  446  -223
  892  -223
 1784  -223
 3568  -223
 7136  -223
14272  -223
28544  -223
57088  -223
114176  -223

  229  -229
  458  -229
  916  -229
 1832  -229
 3664  -229
 7328  -229
14656  -229
29312  -229
58624  -229
117248  -229

  235  -235
  470  -235
  940  -235
 1880  -235
 3760  -235
 7520  -235
15040  -235
30080  -235
60160  -235
120320  -235

  241  -241
  482  -241
  964  -241
 1928  -241
 3856  -241
 7712  -241
15424  -241
30848  -241
61696  -241
123392  -241

  247  -247
  494  -247
  988  -247
 1976  -247
 3952  -247
 7904  -247
15808  -247
31616  -247
63232  -247
126464  -247

  253  -253
  506  -253
 1012  -253
 2024  -253
 4048  -253
 8096  -253
16192  -253
32384  -253
64768  -253
129536  -253

  259  -259
  518  -259
 1036  -259
 2072  -259
 4144  -259
 8288  -259
16576  -259
33152  -259
66304  -259
132608  -259

  265  -265
  530  -265
 1060  -265
 2120  -265
 4240  -265
 8480  -265
16960  -265
33920  -265
67840  -265
135680  -265

  271  -271
  542  -271
 1084  -271
 2168  -271
 4336  -271
 8672  -271
17344  -271
34688  -271
69376  -271
138752  -271

  277  -277
  554  -277
 1108  -277
 2216  -277
 4432  -277
 8864  -277
17728  -277
35456  -277
70912  -277
141824  -277

  283  -283
  566  -283
 1132  -283
 2264  -283
 4528  -283
 9056  -283
18112  -283
36224  -283
72448  -283
144896  -283

  289  -289
  578  -289
 1156  -289
 2312  -289
 4624  -289
 9248  -289
18496  -289
36992  -289
73984  -289
147968  -289

  295  -295
  590  -295
 1180  -295
 2360  -295
 4720  -295
 9440  -295
18880  -295
37760  -295
75520  -295

  301  -301
  602  -301
 1204  -301
 2408  -301
 4816  -301
 9632  -301
19264  -301
38528  -301
77056  -301

  307  -307
  614  -307
 1228  -307
 2456  -307
 4912  -307
 9824  -307
19648  -307
39296  -307
78592  -307

  313  -313
  626  -313
 1252  -313
 2504  -313
 5008  -313
10016  -313
20032  -313
40064  -313
80128  -313

  319  -319
  638  -319
 1276  -319
 2552  -319
 5104  -319
10208  -319
20416  -319
40832  -319
81664  -319

  325  -325
  650  -325
 1300  -325
 2600  -325
 5200  -325
10400  -325
20800  -325
41600  -325
83200  -325

  331  -331
  662  -331
 1324  -331
 2648  -331
 5296  -331
10592  -331
21184  -331
42368  -331
84736  -331

  337  -337
  674  -337
 1348  -337
 2696  -337
 5392  -337
10784  -337
21568  -337
43136  -337
86272  -337

  343  -343
  686  -343
 1372  -343
 2744  -343
 5488  -343
10976  -343
21952  -343
43904  -343
87808  -343

  349  -349
  698  -349
 1396  -349
 2792  -349
 5584  -349
11168  -349
22336  -349
44672  -349
89344  -349

  355  -355
  710  -355
 1420  -355
 2840  -355
 5680  -355
11360  -355
22720  -355
45440  -355
90880  -355

  361  -361
  722  -361
 1444  -361
 2888  -361
 5776  -361
11552  -361
23104  -361
46208  -361
92416  -361

  367  -367
  734  -367
 1468  -367
 2936  -367
 5872  -367
11744  -367
23488  -367
46976  -367
93952  -367

  373  -373
  746  -373
 1492  -373
 2984  -373
 5968  -373
11936  -373
23872  -373
47744  -373
95488  -373

  379  -379
  758  -379
 1516  -379
 3032  -379
 6064  -379
12128  -379
24256  -379
48512  -379
97024  -379

  385  -385
  770  -385
 1540  -385
 3080  -385
 6160  -385
12320  -385
24640  -385
49280  -385
98560  -385

  391  -391
  782  -391
 1564  -391
 3128  -391
 6256  -391
12512  -391
25024  -391
50048  -391
100096  -391

  397  -397
  794  -397
 1588  -397
 3176  -397
 6352  -397
12704  -397
25408  -397
50816  -397
101632  -397

  403  -403
  806  -403
 1612  -403
 3224  -403
 6448  -403
12896  -403
25792  -403
51584  -403
103168  -403

  409  -409
  818  -409
 1636  -409
 3272  -409
 6544  -409
13088  -409
26176  -409
52352  -409
104704  -409

  415  -415
  830  -415
 1660  -415
 3320  -415
 6640  -415
13280  -415
26560  -415
53120  -415
106240  -415

  421  -421
  842  -421
 1684  -421
 3368  -421
 6736  -421
13472  -421
26944  -421
53888  -421
107776  -421

  427  -427
  854  -427
 1708  -427
 3416  -427
 6832  -427
13664  -427
27328  -427
54656  -427
109312  -427

  433  -433
  866  -433
 1732  -433
 3464  -433
 6928  -433
13856  -433
27712  -433
55424  -433
110848  -433

  439  -439
  878  -439
 1756  -439
 3512  -439
 7024  -439
14048  -439
28096  -439
56192  -439
112384  -439

  445  -445
  890  -445
 1780  -445
 3560  -445
 7120  -445
14240  -445
28480  -445
56960  -445
113920  -445

  451  -451
  902  -451
 1804  -451
 3608  -451
 7216  -451
14432  -451
28864  -451
57728  -451
115456  -451

  457  -457
  914  -457
 1828  -457
 3656  -457
 7312  -457
14624  -457
29248  -457
58496  -457
116992  -457

  463  -463
  926  -463
 1852  -463
 3704  -463
 7408  -463
14816  -463
29632  -463
59264  -463
118528  -463

  469  -469
  938  -469
 1876  -469
 3752  -469
 7504  -469
15008  -469
30016  -469
60032  -469
120064  -469

  475  -475
  950  -475
 1900  -475
 3800  -475
 7600  -475
15200  -475
30400  -475
60800  -475
121600  -475

  481  -481
  962  -481
 1924  -481
 3848  -481
 7696  -481
15392  -481
30784  -481
61568  -481
123136  -481

  487  -487
  974  -487
 1948  -487
 3896  -487
 7792  -487
15584  -487
31168  -487
62336  -487
124672  -487

  493  -493
  986  -493
 1972  -493
 3944  -493
 7888  -493
15776  -493
31552  -493
63104  -493
126208  -493

  499  -499
  998  -499
 1996  -499
 3992  -499
 7984  -499
15968  -499
31936  -499
63872  -499
127744  -499

  505  -505
 1010  -505
 2020  -505
 4040  -505
 8080  -505
16160  -505
32320  -505
64640  -505
129280  -505

  511  -511
 1022  -511
 2044  -511
 4088  -511
 8176  -511
16352  -511
32704  -511
65408  -511
130816  -511

  517  -517
 1034  -517
 2068  -517
 4136  -517
 8272  -517
16544  -517
33088  -517
66176  -517
132352  -517

  523  -523
 1046  -523
 2092  -523
 4184  -523
 8368  -523
16736  -523
33472  -523
66944  -523
133888  -523

  529  -529
 1058  -529
 2116  -529
 4232  -529
 8464  -529
16928  -529
33856  -529
67712  -529
135424  -529

  535  -535
 1070  -535
 2140  -535
 4280  -535
 8560  -535
17120  -535
34240  -535
68480  -535
136960  -535

  541  -541
 1082  -541
 2164  -541
 4328  -541
 8656  -541
17312  -541
34624  -541
69248  -541
138496  -541

  547  -547
 1094  -547
 2188  -547
 4376  -547
 8752  -547
17504  -547
35008  -547
70016  -547
140032  -547

  553  -553
 1106  -553
 2212  -553
 4424  -553
 8848  -553
17696  -553
35392  -553
70784  -553
141568  -553

  559  -559
 1118  -559
 2236  -559
 4472  -559
 8944  -559
17888  -559
35776  -559
71552  -559
143104  -559

  565  -565
 1130  -565
 2260  -565
 4520  -565
 9040  -565
18080  -565
36160  -565
72320  -565
144640  -565

  571  -571
 1142  -571
 2284  -571
 4568  -571
 9136  -571
18272  -571
36544  -571
73088  -571
146176  -571

  577  -577
 1154  -577
 2308  -577
 4616  -577
 9232  -577
18464  -577
36928  -577
73856  -577
147712  -577

  583  -583
 1166  -583
 2332  -583
 4664  -583
 9328  -583
18656  -583
37312  -583
74624  -583
149248  -583

  589  -589
 1178  -589
 2356  -589
 4712  -589
 9424  -589
18848  -589
37696  -589
75392  -589

  595  -595
 1190  -595
 2380  -595
 4760  -595
 9520  -595
19040  -595
38080  -595
76160  -595

  601  -601
 1202  -601
 2404  -601
 4808  -601
 9616  -601
19232  -601
38464  -601
76928  -601

  607  -607
 1214  -607
 2428  -607
 4856  -607
 9712  -607
19424  -607
38848  -607
77696  -607

  613  -613
 1226  -613
 2452  -613
 4904  -613
 9808  -613
19616  -613
39232  -613
78464  -613

  619  -619
 1238  -619
 2476  -619
 4952  -619
 9904  -619
19808  -619
39616  -619
79232  -619

  625  -625
 1250  -625
 2500  -625
 5000  -625
10000  -625
20000  -625
40000  -625
80000  -625

  631  -631
 1262  -631
 2524  -631
 5048  -631
10096  -631
20192  -631
40384  -631
80768  -631

  637  -637
 1274  -637
 2548  -637
 5096  -637
10192  -637
20384  -637
40768  -637
81536  -637

  643  -643
 1286  -643
 2572  -643
 5144  -643
10288  -643
20576  -643
41152  -643
82304  -643

  649  -649
 1298  -649
 2596  -649
 5192  -649
10384  -649
20768  -649
41536  -649
83072  -649

  655  -655
 1310  -655
 2620  -655
 5240  -655
10480  -655
20960  -655
41920  -655
83840  -655

  661  -661
 1322  -661
 2644  -661
 5288  -661
10576  -661
21152  -661
42304  -661
84608  -661

  667  -667
 1334  -667
 2668  -667
 5336  -667
10672  -667
21344  -667
42688  -667
85376  -667

  673  -673
 1346  -673
 2692  -673
 5384  -673
10768  -673
21536  -673
43072  -673
86144  -673

  679  -679
 1358  -679
 2716  -679
 5432  -679
10864  -679
21728  -679
43456  -679
86912  -679

  685  -685
 1370  -685
 2740  -685
 5480  -685
10960  -685
21920  -685
43840  -685
87680  -685

  691  -691
 1382  -691
 2764  -691
 5528  -691
11056  -691
22112  -691
44224  -691
88448  -691

  697  -697
 1394  -697
 2788  -697
 5576  -697
11152  -697
22304  -697
44608  -697
89216  -697

  703  -703
 1406  -703
 2812  -703
 5624  -703
11248  -703
22496  -703
44992  -703
89984  -703

  709  -709
 1418  -709
 2836  -709
 5672  -709
11344  -709
22688  -709
45376  -709
90752  -709

  715  -715
 1430  -715
 2860  -715
 5720  -715
11440  -715
22880  -715
45760  -715
91520  -715

  721  -721
 1442  -721
 2884  -721
 5768  -721
11536  -721
23072  -721
46144  -721
92288  -721

  727  -727
 1454  -727
 2908  -727
 5816  -727
11632  -727
23264  -727
46528  -727
93056  -727

  733  -733
 1466  -733
 2932  -733
 5864  -733
11728  -733
23456  -733
46912  -733
93824  -733

  739  -739
 1478  -739
 2956  -739
 5912  -739
11824  -739
23648  -739
47296  -739
94592  -739

  745  -745
 1490  -745
 2980  -745
 5960  -745
11920  -745
23840  -745
47680  -745
95360  -745

  751  -751
 1502  -751
 3004  -751
 6008  -751
12016  -751
24032  -751
48064  -751
96128  -751

  757  -757
 1514  -757
 3028  -757
 6056  -757
12112  -757
24224  -757
48448  -757
96896  -757

  763  -763
 1526  -763
 3052  -763
 6104  -763
12208  -763
24416  -763
48832  -763
97664  -763

  769  -769
 1538  -769
 3076  -769
 6152  -769
12304  -769
24608  -769
49216  -769
98432  -769

  775  -775
 1550  -775
 3100  -775
 6200  -775
12400  -775
24800  -775
49600  -775
99200  -775

  781  -781
 1562  -781
 3124  -781
 6248  -781
12496  -781
24992  -781
49984  -781
99968  -781

  787  -787
 1574  -787
 3148  -787
 6296  -787
12592  -787
25184  -787
50368  -787
100736  -787

  793  -793
 1586  -793
 3172  -793
 6344  -793
12688  -793
25376  -793
50752  -793
101504  -793

  799  -799
 1598  -799
 3196  -799
 6392  -799
12784  -799
25568  -799
51136  -799
102272  -799

  805  -805
 1610  -805
 3220  -805
 6440  -805
12880  -805
25760  -805
51520  -805
103040  -805

  811  -811
 1622  -811
 3244  -811
 6488  -811
12976  -811
25952  -811
51904  -811
103808  -811

  817  -817
 1634  -817
 3268  -817
 6536  -817
13072  -817
26144  -817
52288  -817
104576  -817

  823  -823
 1646  -823
 3292  -823
 6584  -823
13168  -823
26336  -823
52672  -823
105344  -823

  829  -829
 1658  -829
 3316  -829
 6632  -829
13264  -829
26528  -829
53056  -829
106112  -829

  835  -835
 1670  -835
 3340  -835
 6680  -835
13360  -835
26720  -835
53440  -835
106880  -835

  841  -841
 1682  -841
 3364  -841
 6728  -841
13456  -841
26912  -841
53824  -841
107648  -841

  847  -847
 1694  -847
 3388  -847
 6776  -847
13552  -847
27104  -847
54208  -847
108416  -847

  853  -853
 1706  -853
 3412  -853
 6824  -853
13648  -853
27296  -853
54592  -853
109184  -853

  859  -859
 1718  -859
 3436  -859
 6872  -859
13744  -859
27488  -859
54976  -859
109952  -859

  865  -865
 1730  -865
 3460  -865
 6920  -865
13840  -865
27680  -865
55360  -865
110720  -865

  871  -871
 1742  -871
 3484  -871
 6968  -871
13936  -871
27872  -871
55744  -871
111488  -871

  877  -877
 1754  -877
 3508  -877
 7016  -877
14032  -877
28064  -877
56128  -877
112256  -877

  883  -883
 1766  -883
 3532  -883
 7064  -883
14128  -883
28256  -883
56512  -883
113024  -883

  889  -889
 1778  -889
 3556  -889
 7112  -889
14224  -889
28448  -889
56896  -889
113792  -889

  895  -895
 1790  -895
 3580  -895
 7160  -895
14320  -895
28640  -895
57280  -895
114560  -895

  901  -901
 1802  -901
 3604  -901
 7208  -901
14416  -901
28832  -901
57664  -901
115328  -901

  907  -907
 1814  -907
 3628  -907
 7256  -907
14512  -907
29024  -907
58048  -907
116096  -907

  913  -913
 1826  -913
 3652  -913
 7304  -913
14608  -913
29216  -913
58432  -913
116864  -913

  919  -919
 1838  -919
 3676  -919
 7352  -919
14704  -919
29408  -919
58816  -919
117632  -919

  925  -925
 1850  -925
 3700  -925
 7400  -925
14800  -925
29600  -925
59200  -925
118400  -925

  931  -931
 1862  -931
 3724  -931
 7448  -931
14896  -931
29792  -931
59584  -931
119168  -931

  937  -937
 1874  -937
 3748  -937
 7496  -937
14992  -937
29984  -937
59968  -937
119936  -937

  943  -943
 1886  -943
 3772  -943
 7544  -943
15088  -943
30176  -943
60352  -943
120704  -943

  949  -949
 1898  -949
 3796  -949
 7592  -949
15184  -949
30368  -949
60736  -949
121472  -949

  955  -955
 1910  -955
 3820  -955
 7640  -955
15280  -955
30560  -955
61120  -955
122240  -955

  961  -961
 1922  -961
 3844  -961
 7688  -961
15376  -961
30752  -961
61504  -961
123008  -961

  967  -967
 1934  -967
 3868  -967
 7736  -967
15472  -967
30944  -967
61888  -967
123776  -967

  973  -973
 1946  -973
 3892  -973
 7784  -973
15568  -973
31136  -973
62272  -973
124544  -973

  979  -979
 1958  -979
 3916  -979
 7832  -979
15664  -979
31328  -979
62656  -979
125312  -979

  985  -985
 1970  -985
 3940  -985
 7880  -985
15760  -985
31520  -985
63040  -985
126080  -985

  991  -991
 1982  -991
 3964  -991
 7928  -991
15856  -991
31712  -991
63424  -991
126848  -991

  997  -997
 1994  -997
 3988  -997
 7976  -997
15952  -997
31904  -997
63808  -997
127616  -997

 1003 -1003
 2006 -1003
 4012 -1003
 8024 -1003
16048 -1003
32096 -1003
64192 -1003
128384 -1003

 1009 -1009
 2018 -1009
 4036 -1009
 8072 -1009
16144 -1009
32288 -1009
64576 -1009
129152 -1009

 1015 -1015
 2030 -1015
 4060 -1015
 8120 -1015
16240 -1015
32480 -1015
64960 -1015
129920 -1015

 1021 -1021
 2042 -1021
 4084 -1021
 8168 -1021
16336 -1021
32672 -1021
65344 -1021
130688 -1021

 1027 -1027
 2054 -1027
 4108 -1027
 8216 -1027
16432 -1027
32864 -1027
65728 -1027
131456 -1027

 1033 -1033
 2066 -1033
 4132 -1033
 8264 -1033
16528 -1033
33056 -1033
66112 -1033
132224 -1033

 1039 -1039
 2078 -1039
 4156 -1039
 8312 -1039
16624 -1039
33248 -1039
66496 -1039
132992 -1039

 1045 -1045
 2090 -1045
 4180 -1045
 8360 -1045
16720 -1045
33440 -1045
66880 -1045
133760 -1045

 1051 -1051
 2102 -1051
 4204 -1051
 8408 -1051
16816 -1051
33632 -1051
67264 -1051
134528 -1051

 1057 -1057
 2114 -1057
 4228 -1057
 8456 -1057
16912 -1057
33824 -1057
67648 -1057
135296 -1057

 1063 -1063
 2126 -1063
 4252 -1063
 8504 -1063
17008 -1063
34016 -1063
68032 -1063
136064 -1063

 1069 -1069
 2138 -1069
 4276 -1069
 8552 -1069
17104 -1069
34208 -1069
68416 -1069
136832 -1069

 1075 -1075
 2150 -1075
 4300 -1075
 8600 -1075
17200 -1075
34400 -1075
68800 -1075
137600 -1075

 1081 -1081
 2162 -1081
 4324 -1081
 8648 -1081
17296 -1081
34592 -1081
69184 -1081
138368 -1081

 1087 -1087
 2174 -1087
 4348 -1087
 8696 -1087
17392 -1087
34784 -1087
69568 -1087
139136 -1087

 1093 -1093
 2186 -1093
 4372 -1093
 8744 -1093
17488 -1093
34976 -1093
69952 -1093
139904 -1093

 1099 -1099
 2198 -1099
 4396 -1099
 8792 -1099
17584 -1099
35168 -1099
70336 -1099
140672 -1099

 1105 -1105
 2210 -1105
 4420 -1105
 8840 -1105
17680 -1105
35360 -1105
70720 -1105
141440 -1105

 1111 -1111
 2222 -1111
 4444 -1111
 8888 -1111
17776 -1111
35552 -1111
71104 -1111
142208 -1111

 1117 -1117
 2234 -1117
 4468 -1117
 8936 -1117
17872 -1117
35744 -1117
71488 -1117
142976 -1117

 1123 -1123
 2246 -1123
 4492 -1123
 8984 -1123
17968 -1123
35936 -1123
71872 -1123
143744 -1123

 1129 -1129
 2258 -1129
 4516 -1129
 9032 -1129
18064 -1129
36128 -1129
72256 -1129
144512 -1129

 1135 -1135
 2270 -1135
 4540 -1135
 9080 -1135
18160 -1135
36320 -1135
72640 -1135
145280 -1135

 1141 -1141
 2282 -1141
 4564 -1141
 9128 -1141
18256 -1141
36512 -1141
73024 -1141
146048 -1141

 1147 -1147
 2294 -1147
 4588 -1147
 9176 -1147
18352 -1147
36704 -1147
73408 -1147
146816 -1147

 1153 -1153
 2306 -1153
 4612 -1153
 9224 -1153
18448 -1153
36896 -1153
73792 -1153
147584 -1153

 1159 -1159
 2318 -1159
 4636 -1159
 9272 -1159
18544 -1159
37088 -1159
74176 -1159
148352 -1159

 1165 -1165
 2330 -1165
 4660 -1165
 9320 -1165
18640 -1165
37280 -1165
74560 -1165
149120 -1165

 1171 -1171
 2342 -1171
 4684 -1171
 9368 -1171
18736 -1171
37472 -1171
74944 -1171
149888 -1171

 1177 -1177
 2354 -1177
 4708 -1177
 9416 -1177
18832 -1177
37664 -1177
75328 -1177

 1183 -1183
 2366 -1183
 4732 -1183
 9464 -1183
18928 -1183
37856 -1183
75712 -1183

 1189 -1189
 2378 -1189
 4756 -1189
 9512 -1189
19024 -1189
38048 -1189
76096 -1189

 1195 -1195
 2390 -1195
 4780 -1195
 9560 -1195
19120 -1195
38240 -1195
76480 -1195

 1201 -1201
 2402 -1201
 4804 -1201
 9608 -1201
19216 -1201
38432 -1201
76864 -1201

 1207 -1207
 2414 -1207
 4828 -1207
 9656 -1207
19312 -1207
38624 -1207
77248 -1207

 1213 -1213
 2426 -1213
 4852 -1213
 9704 -1213
19408 -1213
38816 -1213
77632 -1213

 1219 -1219
 2438 -1219
 4876 -1219
 9752 -1219
19504 -1219
39008 -1219
78016 -1219

 1225 -1225
 2450 -1225
 4900 -1225
 9800 -1225
19600 -1225
39200 -1225
78400 -1225

 1231 -1231
 2462 -1231
 4924 -1231
 9848 -1231
19696 -1231
39392 -1231
78784 -1231

 1237 -1237
 2474 -1237
 4948 -1237
 9896 -1237
19792 -1237
39584 -1237
79168 -1237

 1243 -1243
 2486 -1243
 4972 -1243
 9944 -1243
19888 -1243
39776 -1243
79552 -1243

 1249 -1249
 2498 -1249
 4996 -1249
 9992 -1249
19984 -1249
39968 -1249
79936 -1249

 1255 -1255
 2510 -1255
 5020 -1255
10040 -1255
20080 -1255
40160 -1255
80320 -1255

 1261 -1261
 2522 -1261
 5044 -1261
10088 -1261
20176 -1261
40352 -1261
80704 -1261

 1267 -1267
 2534 -1267
 5068 -1267
10136 -1267
20272 -1267
40544 -1267
81088 -1267

 1273 -1273
 2546 -1273
 5092 -1273
10184 -1273
20368 -1273
40736 -1273
81472 -1273

 1279 -1279
 2558 -1279
 5116 -1279
10232 -1279
20464 -1279
40928 -1279
81856 -1279

 1285 -1285
 2570 -1285
 5140 -1285
10280 -1285
20560 -1285
41120 -1285
82240 -1285

 1291 -1291
 2582 -1291
 5164 -1291
10328 -1291
20656 -1291
41312 -1291
82624 -1291

 1297 -1297
 2594 -1297
 5188 -1297
10376 -1297
20752 -1297
41504 -1297
83008 -1297

 1303 -1303
 2606 -1303
 5212 -1303
10424 -1303
20848 -1303
41696 -1303
83392 -1303

 1309 -1309
 2618 -1309
 5236 -1309
10472 -1309
20944 -1309
41888 -1309
83776 -1309

 1315 -1315
 2630 -1315
 5260 -1315
10520 -1315
21040 -1315
42080 -1315
84160 -1315

 1321 -1321
 2642 -1321
 5284 -1321
10568 -1321
21136 -1321
42272 -1321
84544 -1321

 1327 -1327
 2654 -1327
 5308 -1327
10616 -1327
21232 -1327
42464 -1327
84928 -1327

 1333 -1333
 2666 -1333
 5332 -1333
10664 -1333
21328 -1333
42656 -1333
85312 -1333

 1339 -1339
 2678 -1339
 5356 -1339
10712 -1339
21424 -1339
42848 -1339
85696 -1339

 1345 -1345
 2690 -1345
 5380 -1345
10760 -1345
21520 -1345
43040 -1345
86080 -1345

 1351 -1351
 2702 -1351
 5404 -1351
10808 -1351
21616 -1351
43232 -1351
86464 -1351

 1357 -1357
 2714 -1357
 5428 -1357
10856 -1357
21712 -1357
43424 -1357
86848 -1357

 1363 -1363
 2726 -1363
 5452 -1363
10904 -1363
21808 -1363
43616 -1363
87232 -1363

 1369 -1369
 2738 -1369
 5476 -1369
10952 -1369
21904 -1369
43808 -1369
87616 -1369

 1375 -1375
 2750 -1375
 5500 -1375
11000 -1375
22000 -1375
44000 -1375
88000 -1375

 1381 -1381
 2762 -1381
 5524 -1381
11048 -1381
22096 -1381
44192 -1381
88384 -1381

 1387 -1387
 2774 -1387
 5548 -1387
11096 -1387
22192 -1387
44384 -1387
88768 -1387

 1393 -1393
 2786 -1393
 5572 -1393
11144 -1393
22288 -1393
44576 -1393
89152 -1393

 1399 -1399
 2798 -1399
 5596 -1399
11192 -1399
22384 -1399
44768 -1399
89536 -1399

 1405 -1405
 2810 -1405
 5620 -1405
11240 -1405
22480 -1405
44960 -1405
89920 -1405

 1411 -1411
 2822 -1411
 5644 -1411
11288 -1411
22576 -1411
45152 -1411
90304 -1411

 1417 -1417
 2834 -1417
 5668 -1417
11336 -1417
22672 -1417
45344 -1417
90688 -1417

 1423 -1423
 2846 -1423
 5692 -1423
11384 -1423
22768 -1423
45536 -1423
91072 -1423

 1429 -1429
 2858 -1429
 5716 -1429
11432 -1429
22864 -1429
45728 -1429
91456 -1429

 1435 -1435
 2870 -1435
 5740 -1435
11480 -1435
22960 -1435
45920 -1435
91840 -1435

 1441 -1441
 2882 -1441
 5764 -1441
11528 -1441
23056 -1441
46112 -1441
92224 -1441

 1447 -1447
 2894 -1447
 5788 -1447
11576 -1447
23152 -1447
46304 -1447
92608 -1447

 1453 -1453
 2906 -1453
 5812 -1453
11624 -1453
23248 -1453
46496 -1453
92992 -1453

 1459 -1459
 2918 -1459
 5836 -1459
11672 -1459
23344 -1459
46688 -1459
93376 -1459

 1465 -1465
 2930 -1465
 5860 -1465
11720 -1465
23440 -1465
46880 -1465
93760 -1465

 1471 -1471
 2942 -1471
 5884 -1471
11768 -1471
23536 -1471
47072 -1471
94144 -1471

 1477 -1477
 2954 -1477
 5908 -1477
11816 -1477
23632 -1477
47264 -1477
94528 -1477

 1483 -1483
 2966 -1483
 5932 -1483
11864 -1483
23728 -1483
47456 -1483
94912 -1483

 1489 -1489
 2978 -1489
 5956 -1489
11912 -1489
23824 -1489
47648 -1489
95296 -1489

 1495 -1495
 2990 -1495
 5980 -1495
11960 -1495
23920 -1495
47840 -1495
95680 -1495

 1501 -1501
 3002 -1501
 6004 -1501
12008 -1501
24016 -1501
48032 -1501
96064 -1501

 1507 -1507
 3014 -1507
 6028 -1507
12056 -1507
24112 -1507
48224 -1507
96448 -1507

 1513 -1513
 3026 -1513
 6052 -1513
12104 -1513
24208 -1513
48416 -1513
96832 -1513

 1519 -1519
 3038 -1519
 6076 -1519
12152 -1519
24304 -1519
48608 -1519
97216 -1519

 1525 -1525
 3050 -1525
 6100 -1525
12200 -1525
24400 -1525
48800 -1525
97600 -1525

 1531 -1531
 3062 -1531
 6124 -1531
12248 -1531
24496 -1531
48992 -1531
97984 -1531

 1537 -1537
 3074 -1537
 6148 -1537
12296 -1537
24592 -1537
49184 -1537
98368 -1537

 1543 -1543
 3086 -1543
 6172 -1543
12344 -1543
24688 -1543
49376 -1543
98752 -1543

 1549 -1549
 3098 -1549
 6196 -1549
12392 -1549
24784 -1549
49568 -1549
99136 -1549

 1555 -1555
 3110 -1555
 6220 -1555
12440 -1555
24880 -1555
49760 -1555
99520 -1555

 1561 -1561
 3122 -1561
 6244 -1561
12488 -1561
24976 -1561
49952 -1561
99904 -1561

 1567 -1567
 3134 -1567
 6268 -1567
12536 -1567
25072 -1567
50144 -1567
100288 -1567

 1573 -1573
 3146 -1573
 6292 -1573
12584 -1573
25168 -1573
50336 -1573
100672 -1573

 1579 -1579
 3158 -1579
 6316 -1579
12632 -1579
25264 -1579
50528 -1579
101056 -1579

 1585 -1585
 3170 -1585
 6340 -1585
12680 -1585
25360 -1585
50720 -1585
101440 -1585

 1591 -1591
 3182 -1591
 6364 -1591
12728 -1591
25456 -1591
50912 -1591
101824 -1591

 1597 -1597
 3194 -1597
 6388 -1597
12776 -1597
25552 -1597
51104 -1597
102208 -1597

 1603 -1603
 3206 -1603
 6412 -1603
12824 -1603
25648 -1603
51296 -1603
102592 -1603

 1609 -1609
 3218 -1609
 6436 -1609
12872 -1609
25744 -1609
51488 -1609
102976 -1609

 1615 -1615
 3230 -1615
 6460 -1615
12920 -1615
25840 -1615
51680 -1615
103360 -1615

 1621 -1621
 3242 -1621
 6484 -1621
12968 -1621
25936 -1621
51872 -1621
103744 -1621

 1627 -1627
 3254 -1627
 6508 -1627
13016 -1627
26032 -1627
52064 -1627
104128 -1627

 1633 -1633
 3266 -1633
 6532 -1633
13064 -1633
26128 -1633
52256 -1633
104512 -1633

 1639 -1639
 3278 -1639
 6556 -1639
13112 -1639
26224 -1639
52448 -1639
104896 -1639

 1645 -1645
 3290 -1645
 6580 -1645
13160 -1645
26320 -1645
52640 -1645
105280 -1645

 1651 -1651
 3302 -1651
 6604 -1651
13208 -1651
26416 -1651
52832 -1651
105664 -1651

 1657 -1657
 3314 -1657
 6628 -1657
13256 -1657
26512 -1657
53024 -1657
106048 -1657

 1663 -1663
 3326 -1663
 6652 -1663
13304 -1663
26608 -1663
53216 -1663
106432 -1663

 1669 -1669
 3338 -1669
 6676 -1669
13352 -1669
26704 -1669
53408 -1669
106816 -1669

 1675 -1675
 3350 -1675
 6700 -1675
13400 -1675
26800 -1675
53600 -1675
107200 -1675

 1681 -1681
 3362 -1681
 6724 -1681
13448 -1681
26896 -1681
53792 -1681
107584 -1681

 1687 -1687
 3374 -1687
 6748 -1687
13496 -1687
26992 -1687
53984 -1687
107968 -1687

 1693 -1693
 3386 -1693
 6772 -1693
13544 -1693
27088 -1693
54176 -1693
108352 -1693

 1699 -1699
 3398 -1699
 6796 -1699
13592 -1699
27184 -1699
54368 -1699
108736 -1699

 1705 -1705
 3410 -1705
 6820 -1705
13640 -1705
27280 -1705
54560 -1705
109120 -1705

 1711 -1711
 3422 -1711
 6844 -1711
13688 -1711
27376 -1711
54752 -1711
109504 -1711

 1717 -1717
 3434 -1717
 6868 -1717
13736 -1717
27472 -1717
54944 -1717
109888 -1717

 1723 -1723
 3446 -1723
 6892 -1723
13784 -1723
27568 -1723
55136 -1723
110272 -1723

 1729 -1729
 3458 -1729
 6916 -1729
13832 -1729
27664 -1729
55328 -1729
110656 -1729

 1735 -1735
 3470 -1735
 6940 -1735
13880 -1735
27760 -1735
55520 -1735
111040 -1735

 1741 -1741
 3482 -1741
 6964 -1741
13928 -1741
27856 -1741
55712 -1741
111424 -1741

 1747 -1747
 3494 -1747
 6988 -1747
13976 -1747
27952 -1747
55904 -1747
111808 -1747

 1753 -1753
 3506 -1753
 7012 -1753
14024 -1753
28048 -1753
56096 -1753
112192 -1753

 1759 -1759
 3518 -1759
 7036 -1759
14072 -1759
28144 -1759
56288 -1759
112576 -1759

 1765 -1765
 3530 -1765
 7060 -1765
14120 -1765
28240 -1765
56480 -1765
112960 -1765

 1771 -1771
 3542 -1771
 7084 -1771
14168 -1771
28336 -1771
56672 -1771
113344 -1771

 1777 -1777
 3554 -1777
 7108 -1777
14216 -1777
28432 -1777
56864 -1777
113728 -1777

 1783 -1783
 3566 -1783
 7132 -1783
14264 -1783
28528 -1783
57056 -1783
114112 -1783

 1789 -1789
 3578 -1789
 7156 -1789
14312 -1789
28624 -1789
57248 -1789
114496 -1789

 1795 -1795
 3590 -1795
 7180 -1795
14360 -1795
28720 -1795
57440 -1795
114880 -1795

 1801 -1801
 3602 -1801
 7204 -1801
14408 -1801
28816 -1801
57632 -1801
115264 -1801

 1807 -1807
 3614 -1807
 7228 -1807
14456 -1807
28912 -1807
57824 -1807
115648 -1807

 1813 -1813
 3626 -1813
 7252 -1813
14504 -1813
29008 -1813
58016 -1813
116032 -1813

 1819 -1819
 3638 -1819
 7276 -1819
14552 -1819
29104 -1819
58208 -1819
116416 -1819

 1825 -1825
 3650 -1825
 7300 -1825
14600 -1825
29200 -1825
58400 -1825
116800 -1825

 1831 -1831
 3662 -1831
 7324 -1831
14648 -1831
29296 -1831
58592 -1831
117184 -1831

 1837 -1837
 3674 -1837
 7348 -1837
14696 -1837
29392 -1837
58784 -1837
117568 -1837

 1843 -1843
 3686 -1843
 7372 -1843
14744 -1843
29488 -1843
58976 -1843
117952 -1843

 1849 -1849
 3698 -1849
 7396 -1849
14792 -1849
29584 -1849
59168 -1849
118336 -1849

 1855 -1855
 3710 -1855
 7420 -1855
14840 -1855
29680 -1855
59360 -1855
118720 -1855

 1861 -1861
 3722 -1861
 7444 -1861
14888 -1861
29776 -1861
59552 -1861
119104 -1861

 1867 -1867
 3734 -1867
 7468 -1867
14936 -1867
29872 -1867
59744 -1867
119488 -1867

 1873 -1873
 3746 -1873
 7492 -1873
14984 -1873
29968 -1873
59936 -1873
119872 -1873

 1879 -1879
 3758 -1879
 7516 -1879
15032 -1879
30064 -1879
60128 -1879
120256 -1879

 1885 -1885
 3770 -1885
 7540 -1885
15080 -1885
30160 -1885
60320 -1885
120640 -1885

 1891 -1891
 3782 -1891
 7564 -1891
15128 -1891
30256 -1891
60512 -1891
121024 -1891

 1897 -1897
 3794 -1897
 7588 -1897
15176 -1897
30352 -1897
60704 -1897
121408 -1897

 1903 -1903
 3806 -1903
 7612 -1903
15224 -1903
30448 -1903
60896 -1903
121792 -1903

 1909 -1909
 3818 -1909
 7636 -1909
15272 -1909
30544 -1909
61088 -1909
122176 -1909

 1915 -1915
 3830 -1915
 7660 -1915
15320 -1915
30640 -1915
61280 -1915
122560 -1915

 1921 -1921
 3842 -1921
 7684 -1921
15368 -1921
30736 -1921
61472 -1921
122944 -1921

 1927 -1927
 3854 -1927
 7708 -1927
15416 -1927
30832 -1927
61664 -1927
123328 -1927

 1933 -1933
 3866 -1933
 7732 -1933
15464 -1933
30928 -1933
61856 -1933
123712 -1933

 1939 -1939
 3878 -1939
 7756 -1939
15512 -1939
31024 -1939
62048 -1939
124096 -1939

 1945 -1945
 3890 -1945
 7780 -1945
15560 -1945
31120 -1945
62240 -1945
124480 -1945

 1951 -1951
 3902 -1951
 7804 -1951
15608 -1951
31216 -1951
62432 -1951
124864 -1951

 1957 -1957
 3914 -1957
 7828 -1957
15656 -1957
31312 -1957
62624 -1957
125248 -1957

 1963 -1963
 3926 -1963
 7852 -1963
15704 -1963
31408 -1963
62816 -1963
125632 -1963

 1969 -1969
 3938 -1969
 7876 -1969
15752 -1969
31504 -1969
63008 -1969
126016 -1969

 1975 -1975
 3950 -1975
 7900 -1975
15800 -1975
31600 -1975
63200 -1975
126400 -1975

 1981 -1981
 3962 -1981
 7924 -1981
15848 -1981
31696 -1981
63392 -1981
126784 -1981

 1987 -1987
 3974 -1987
 7948 -1987
15896 -1987
31792 -1987
63584 -1987
127168 -1987

 1993 -1993
 3986 -1993
 7972 -1993
15944 -1993
31888 -1993
63776 -1993
127552 -1993

 1999 -1999
 3998 -1999
 7996 -1999
15992 -1999
31984 -1999
63968 -1999
127936 -1999

