1 128
3 384
5 640
7 896
9 1152
11 1408
13 1664
15 1920
17 2176
19 2432
21 2688
23 2944
25 3200
27 3456
29 3712
31 3968
33 4224
35 4480
37 4736
39 4992
41 5248
43 5504
45 5760
47 6016
49 6272
51 6528
53 6784
55 7040
57 7296
59 7552
61 7808
63 8064
65 8320
67 8576
69 8832
71 9088
73 9344
75 9600
77 9856
79 10112
81 10368
83 10624
85 10880
87 11136
89 11392
91 11648
93 11904
95 12160
97 12416
99 12672
101 12928
103 13184
105 13440
107 13696
109 13952
111 14208
113 14464
115 14720
117 14976
119 15232
121 15488
123 15744
125 16000
127 16256
129 16512
131 16768
133 17024
135 17280
137 17536
139 17792
141 18048
143 18304
145 18560
147 18816
149 19072
151 19328
153 19584
155 19840
157 20096
159 20352
161 20608
163 20864
165 21120
167 21376
169 21632
171 21888
173 22144
175 22400
177 22656
179 22912
181 23168
183 23424
185 23680
187 23936
189 24192
191 24448
193 24704
195 24960
197 25216
199 25472
201 25728
203 25984
205 26240
207 26496
209 26752
211 27008
213 27264
215 27520
217 27776
219 28032
221 28288
223 28544
225 28800
227 29056
229 29312
231 29568
233 29824
235 30080
237 30336
239 30592
241 30848
243 31104
245 31360
247 31616
249 31872
251 32128
253 32384
255 32640
257 32896
259 33152
261 33408
263 33664
265 33920
267 34176
269 34432
271 34688
273 34944
275 35200
277 35456
279 35712
281 35968
283 36224
285 36480
287 36736
289 36992
291 37248
293 37504
295 37760
297 38016
299 38272
301 38528
303 38784
305 39040
307 39296
309 39552
311 39808
313 40064
315 40320
317 40576
319 40832
321 41088
323 41344
325 41600
327 41856
329 42112
331 42368
333 42624
335 42880
337 43136
339 43392
341 43648
343 43904
345 44160
347 44416
349 44672
351 44928
353 45184
355 45440
357 45696
359 45952
361 46208
363 46464
365 46720
367 46976
369 47232
371 47488
373 47744
375 48000
377 48256
379 48512
381 48768
383 49024
385 49280
387 49536
389 49792
391 50048
393 50304
395 50560
397 50816
399 51072
401 51328
403 51584
405 51840
407 52096
409 52352
411 52608
413 52864
415 53120
417 53376
419 53632
421 53888
423 54144
425 54400
427 54656
429 54912
431 55168
433 55424
435 55680
437 55936
439 56192
441 56448
443 56704
445 56960
447 57216
449 57472
451 57728
453 57984
455 58240
457 58496
459 58752
461 59008
463 59264
465 59520
467 59776
469 60032
471 60288
473 60544
475 60800
477 61056
479 61312
481 61568
483 61824
485 62080
487 62336
489 62592
491 62848
493 63104
495 63360
497 63616
499 63872
501 64128
503 64384
505 64640
507 64896
509 65152
511 65408
513 65664
515 65920
517 66176
519 66432
521 66688
523 66944
525 67200
527 67456
529 67712
531 67968
533 68224
535 68480
537 68736
539 68992
541 69248
543 69504
545 69760
547 70016
549 70272
551 70528
553 70784
555 71040
557 71296
559 71552
561 71808
563 72064
565 72320
567 72576
569 72832
571 73088
573 73344
575 73600
577 73856
579 74112
581 74368
583 74624
585 74880
587 75136
589 75392
591 75648
593 75904
595 76160
597 76416
599 76672
601 76928
603 77184
605 77440
607 77696
609 77952
611 78208
613 78464
615 78720
617 78976
619 79232
621 79488
623 79744
625 80000
627 80256
629 80512
631 80768
633 81024
635 81280
637 81536
639 81792
641 82048
643 82304
645 82560
647 82816
649 83072
651 83328
653 83584
655 83840
657 84096
659 84352
661 84608
663 84864
665 85120
667 85376
669 85632
671 85888
673 86144
675 86400
677 86656
679 86912
681 87168
683 87424
685 87680
687 87936
689 88192
691 88448
693 88704
695 88960
697 89216
699 89472
701 89728
703 89984
705 90240
707 90496
709 90752
711 91008
713 91264
715 91520
717 91776
719 92032
721 92288
723 92544
725 92800
727 93056
729 93312
731 93568
733 93824
735 94080
737 94336
739 94592
741 94848
743 95104
745 95360
747 95616
749 95872
751 96128
753 96384
755 96640
757 96896
759 97152
761 97408
763 97664
765 97920
767 98176
769 98432
771 98688
773 98944
775 99200
777 99456
779 99712
781 99968
783 100224
785 100480
787 100736
789 100992
791 101248
793 101504
795 101760
797 102016
799 102272
801 102528
803 102784
805 103040
807 103296
809 103552
811 103808
813 104064
815 104320
817 104576
819 104832
821 105088
823 105344
825 105600
827 105856
829 106112
831 106368
833 106624
835 106880
837 107136
839 107392
841 107648
843 107904
845 108160
847 108416
849 108672
851 108928
853 109184
855 109440
857 109696
859 109952
861 110208
863 110464
865 110720
867 110976
869 111232
871 111488
873 111744
875 112000
877 112256
879 112512
881 112768
883 113024
885 113280
887 113536
889 113792
891 114048
893 114304
895 114560
897 114816
899 115072
901 115328
903 115584
905 115840
907 116096
909 116352
911 116608
913 116864
915 117120
917 117376
919 117632
921 117888
923 118144
925 118400
927 118656
929 118912
931 119168
933 119424
935 119680
937 119936
939 120192
941 120448
943 120704
945 120960
947 121216
949 121472
951 121728
953 121984
955 122240
957 122496
959 122752
961 123008
963 123264
965 123520
967 123776
969 124032
971 124288
973 124544
975 124800
977 125056
979 125312
981 125568
983 125824
985 126080
987 126336
989 126592
991 126848
993 127104
995 127360
997 127616
999 127872
1001 128128
1003 128384
1005 128640
1007 128896
1009 129152
1011 129408
1013 129664
1015 129920
1017 130176
1019 130432
1021 130688
1023 130944
1025 131200
1027 131456
1029 131712
1031 131968
1033 132224
1035 132480
1037 132736
1039 132992
1041 133248
1043 133504
1045 133760
1047 134016
1049 134272
1051 134528
1053 134784
1055 135040
1057 135296
1059 135552
1061 135808
1063 136064
1065 136320
1067 136576
1069 136832
1071 137088
1073 137344
1075 137600
1077 137856
1079 138112
1081 138368
1083 138624
1085 138880
1087 139136
1089 139392
1091 139648
1093 139904
1095 140160
1097 140416
1099 140672
1101 140928
1103 141184
1105 141440
1107 141696
1109 141952
1111 142208
1113 142464
1115 142720
1117 142976
1119 143232
1121 143488
1123 143744
1125 144000
1127 144256
1129 144512
1131 144768
1133 145024
1135 145280
1137 145536
1139 145792
1141 146048
1143 146304
1145 146560
1147 146816
1149 147072
1151 147328
1153 147584
1155 147840
1157 148096
1159 148352
1161 148608
1163 148864
1165 149120
1167 149376
1169 149632
1171 149888
1173 150144
1175 150400
1177 150656
1179 150912
1181 151168
1183 151424
1185 151680
1187 151936
1189 152192
1191 152448
1193 152704
1195 152960
1197 153216
1199 153472
1201 153728
1203 153984
1205 154240
1207 154496
1209 154752
1211 155008
1213 155264
1215 155520
1217 155776
1219 156032
1221 156288
1223 156544
1225 156800
1227 157056
1229 157312
1231 157568
1233 157824
1235 158080
1237 158336
1239 158592
1241 158848
1243 159104
1245 159360
1247 159616
1249 159872
1251 160128
1253 160384
1255 160640
1257 160896
1259 161152
1261 161408
1263 161664
1265 161920
1267 162176
1269 162432
1271 162688
1273 162944
1275 163200
1277 163456
1279 163712
1281 163968
1283 164224
1285 164480
1287 164736
1289 164992
1291 165248
1293 165504
1295 165760
1297 166016
1299 166272
1301 166528
1303 166784
1305 167040
1307 167296
1309 167552
1311 167808
1313 168064
1315 168320
1317 168576
1319 168832
1321 169088
1323 169344
1325 169600
1327 169856
1329 170112
1331 170368
1333 170624
1335 170880
1337 171136
1339 171392
1341 171648
1343 171904
1345 172160
1347 172416
1349 172672
1351 172928
1353 173184
1355 173440
1357 173696
1359 173952
1361 174208
1363 174464
1365 174720
1367 174976
1369 175232
1371 175488
1373 175744
1375 176000
1377 176256
1379 176512
1381 176768
1383 177024
1385 177280
1387 177536
1389 177792
1391 178048
1393 178304
1395 178560
1397 178816
1399 179072
1401 179328
1403 179584
1405 179840
1407 180096
1409 180352
1411 180608
1413 180864
1415 181120
1417 181376
1419 181632
1421 181888
1423 182144
1425 182400
1427 182656
1429 182912
1431 183168
1433 183424
1435 183680
1437 183936
1439 184192
1441 184448
1443 184704
1445 184960
1447 185216
1449 185472
1451 185728
1453 185984
1455 186240
1457 186496
1459 186752
1461 187008
1463 187264
1465 187520
1467 187776
1469 188032
1471 188288
1473 188544
1475 188800
1477 189056
1479 189312
1481 189568
1483 189824
1485 190080
1487 190336
1489 190592
1491 190848
1493 191104
1495 191360
1497 191616
1499 191872
1501 192128
1503 192384
1505 192640
1507 192896
1509 193152
1511 193408
1513 193664
1515 193920
1517 194176
1519 194432
1521 194688
1523 194944
1525 195200
1527 195456
1529 195712
1531 195968
1533 196224
1535 196480
1537 196736
1539 196992
1541 197248
1543 197504
1545 197760
1547 198016
1549 198272
1551 198528
1553 198784
1555 199040
1557 199296
1559 199552
1561 199808
1563 200064
1565 200320
1567 200576
1569 200832
1571 201088
1573 201344
1575 201600
1577 201856
1579 202112
1581 202368
1583 202624
1585 202880
1587 203136
1589 203392
1591 203648
1593 203904
1595 204160
1597 204416
1599 204672
1601 204928
1603 205184
1605 205440
1607 205696
1609 205952
1611 206208
1613 206464
1615 206720
1617 206976
1619 207232
1621 207488
1623 207744
1625 208000
1627 208256
1629 208512
1631 208768
1633 209024
1635 209280
1637 209536
1639 209792
1641 210048
1643 210304
1645 210560
1647 210816
1649 211072
1651 211328
1653 211584
1655 211840
1657 212096
1659 212352
1661 212608
1663 212864
1665 213120
1667 213376
1669 213632
1671 213888
1673 214144
1675 214400
1677 214656
1679 214912
1681 215168
1683 215424
1685 215680
1687 215936
1689 216192
1691 216448
1693 216704
1695 216960
1697 217216
1699 217472
1701 217728
1703 217984
1705 218240
1707 218496
1709 218752
1711 219008
1713 219264
1715 219520
1717 219776
1719 220032
1721 220288
1723 220544
1725 220800
1727 221056
1729 221312
1731 221568
1733 221824
1735 222080
1737 222336
1739 222592
1741 222848
1743 223104
1745 223360
1747 223616
1749 223872
1751 224128
1753 224384
1755 224640
1757 224896
1759 225152
1761 225408
1763 225664
1765 225920
1767 226176
1769 226432
1771 226688
1773 226944
1775 227200
1777 227456
1779 227712
1781 227968
1783 228224
1785 228480
1787 228736
1789 228992
1791 229248
1793 229504
1795 229760
1797 230016
1799 230272
1801 230528
1803 230784
1805 231040
1807 231296
1809 231552
1811 231808
1813 232064
1815 232320
1817 232576
1819 232832
1821 233088
1823 233344
1825 233600
1827 233856
1829 234112
1831 234368
1833 234624
1835 234880
1837 235136
1839 235392
1841 235648
1843 235904
1845 236160
1847 236416
1849 236672
1851 236928
1853 237184
1855 237440
1857 237696
1859 237952
1861 238208
1863 238464
1865 238720
1867 238976
1869 239232
1871 239488
1873 239744
1875 240000
1877 240256
1879 240512
1881 240768
1883 241024
1885 241280
1887 241536
1889 241792
1891 242048
1893 242304
1895 242560
1897 242816
1899 243072
1901 243328
1903 243584
1905 243840
1907 244096
1909 244352
1911 244608
1913 244864
1915 245120
1917 245376
1919 245632
1921 245888
1923 246144
1925 246400
1927 246656
1929 246912
1931 247168
1933 247424
1935 247680
1937 247936
1939 248192
1941 248448
1943 248704
1945 248960
1947 249216
1949 249472
1951 249728
1953 249984
1955 250240
1957 250496
1959 250752
1961 251008
1963 251264
1965 251520
1967 251776
1969 252032
1971 252288
1973 252544
1975 252800
1977 253056
1979 253312
1981 253568
1983 253824
1985 254080
1987 254336
1989 254592
1991 254848
1993 255104
1995 255360
1997 255616
1999 255872
