

7 28
9 9

25 100
33 33

43 172
57 57

61 244
81 81

79 316
105 105

97 388
129 129

115 460
153 153

133 532
177 177

151 604
201 201

169 676
225 225

187 748
249 249

205 820
273 273

223 892
297 297

241 964
321 321

259 1036
345 345

277 1108
369 369

295 1180
393 393

313 1252
417 417

331 1324
441 441

349 1396
465 465

367 1468
489 489

385 1540
513 513

403 1612
537 537

421 1684
561 561

439 1756
585 585

457 1828
609 609

475 1900
633 633

493 1972
657 657

511 2044
681 681

529 2116
705 705

547 2188
729 729

565 2260
753 753

583 2332
777 777

601 2404
801 801

619 2476
825 825

637 2548
849 849

655 2620
873 873

673 2692
897 897

691 2764
921 921

709 2836
945 945

727 2908
969 969

745 2980
993 993

763 3052
1017 1017

781 3124
1041 1041

799 3196
1065 1065

817 3268
1089 1089

835 3340
1113 1113

853 3412
1137 1137

871 3484
1161 1161

889 3556
1185 1185

907 3628
1209 1209

925 3700
1233 1233

943 3772
1257 1257

961 3844
1281 1281

979 3916
1305 1305

997 3988
1329 1329

1015 4060
1353 1353

1033 4132
1377 1377

1051 4204
1401 1401

1069 4276
1425 1425

1087 4348
1449 1449

1105 4420
1473 1473

1123 4492
1497 1497

1141 4564
1521 1521

1159 4636
1545 1545

1177 4708
1569 1569

1195 4780
1593 1593

1213 4852
1617 1617

1231 4924
1641 1641

1249 4996
1665 1665

1267 5068
1689 1689

1285 5140
1713 1713

1303 5212
1737 1737

1321 5284
1761 1761

1339 5356
1785 1785

1357 5428
1809 1809

1375 5500
1833 1833

1393 5572
1857 1857

1411 5644
1881 1881

1429 5716
1905 1905

1447 5788
1929 1929

1465 5860
1953 1953

1483 5932
1977 1977

1501 6004
2001 2001

1519 6076
2025 2025

1537 6148
2049 2049

1555 6220
2073 2073

1573 6292
2097 2097

1591 6364
2121 2121

1609 6436
2145 2145

1627 6508
2169 2169

1645 6580
2193 2193

1663 6652
2217 2217

1681 6724
2241 2241

1699 6796
2265 2265

1717 6868
2289 2289

1735 6940
2313 2313

1753 7012
2337 2337

1771 7084
2361 2361

1789 7156
2385 2385

1807 7228
2409 2409

1825 7300
2433 2433

1843 7372
2457 2457

1861 7444
2481 2481

1879 7516
2505 2505

1897 7588
2529 2529

1915 7660
2553 2553

1933 7732
2577 2577

1951 7804
2601 2601

1969 7876
2625 2625

1987 7948
2649 2649



13 208
69 69

31 496
165 165

49 784
261 261

67 1072
357 357

85 1360
453 453

103 1648
549 549

121 1936
645 645

139 2224
741 741

157 2512
837 837

175 2800
933 933

193 3088
1029 1029

211 3376
1125 1125

229 3664
1221 1221

247 3952
1317 1317

265 4240
1413 1413

283 4528
1509 1509

301 4816
1605 1605

319 5104
1701 1701

337 5392
1797 1797

355 5680
1893 1893

373 5968
1989 1989

391 6256
2085 2085

409 6544
2181 2181

427 6832
2277 2277

445 7120
2373 2373

463 7408
2469 2469

481 7696
2565 2565

499 7984
2661 2661

517 8272
2757 2757

535 8560
2853 2853

553 8848
2949 2949

571 9136
3045 3045

589 9424
3141 3141

607 9712
3237 3237

625 10000
3333 3333

643 10288
3429 3429

661 10576
3525 3525

679 10864
3621 3621

697 11152
3717 3717

715 11440
3813 3813

733 11728
3909 3909

751 12016
4005 4005

769 12304
4101 4101

787 12592
4197 4197

805 12880
4293 4293

823 13168
4389 4389

841 13456
4485 4485

859 13744
4581 4581

877 14032
4677 4677

895 14320
4773 4773

913 14608
4869 4869

931 14896
4965 4965

949 15184
5061 5061

967 15472
5157 5157

985 15760
5253 5253

1003 16048
5349 5349

1021 16336
5445 5445

1039 16624
5541 5541

1057 16912
5637 5637

1075 17200
5733 5733

1093 17488
5829 5829

1111 17776
5925 5925

1129 18064
6021 6021

1147 18352
6117 6117

1165 18640
6213 6213

1183 18928
6309 6309

1201 19216
6405 6405

1219 19504
6501 6501

1237 19792
6597 6597

1255 20080
6693 6693

1273 20368
6789 6789

1291 20656
6885 6885

1309 20944
6981 6981

1327 21232
7077 7077

1345 21520
7173 7173

1363 21808
7269 7269

1381 22096
7365 7365

1399 22384
7461 7461

1417 22672
7557 7557

1435 22960
7653 7653

1453 23248
7749 7749

1471 23536
7845 7845

1489 23824
7941 7941

1507 24112
8037 8037

1525 24400
8133 8133

1543 24688
8229 8229

1561 24976
8325 8325

1579 25264
8421 8421

1597 25552
8517 8517

1615 25840
8613 8613

1633 26128
8709 8709

1651 26416
8805 8805

1669 26704
8901 8901

1687 26992
8997 8997

1705 27280
9093 9093

1723 27568
9189 9189

1741 27856
9285 9285

1759 28144
9381 9381

1777 28432
9477 9477

1795 28720
9573 9573

1813 29008
9669 9669

1831 29296
9765 9765

1849 29584
9861 9861

1867 29872
9957 9957

1885 30160
10053 10053

1903 30448
10149 10149

1921 30736
10245 10245

1939 31024
10341 10341

1957 31312
10437 10437

1975 31600
10533 10533

1993 31888
10629 10629



1 64
21 21

19 1216
405 405

37 2368
789 789

55 3520
1173 1173

73 4672
1557 1557

91 5824
1941 1941

109 6976
2325 2325

127 8128
2709 2709

145 9280
3093 3093

163 10432
3477 3477

181 11584
3861 3861

199 12736
4245 4245

217 13888
4629 4629

235 15040
5013 5013

253 16192
5397 5397

271 17344
5781 5781

289 18496
6165 6165

307 19648
6549 6549

325 20800
6933 6933

343 21952
7317 7317

361 23104
7701 7701

379 24256
8085 8085

397 25408
8469 8469

415 26560
8853 8853

433 27712
9237 9237

451 28864
9621 9621

469 30016
10005 10005

487 31168
10389 10389

505 32320
10773 10773

523 33472
11157 11157

541 34624
11541 11541

559 35776
11925 11925

577 36928
12309 12309

595 38080
12693 12693

613 39232
13077 13077

631 40384
13461 13461

649 41536
13845 13845

667 42688
14229 14229

685 43840
14613 14613

703 44992
14997 14997

721 46144
15381 15381

739 47296
15765 15765

757 48448
16149 16149

775 49600
16533 16533

793 50752
16917 16917

811 51904
17301 17301

829 53056
17685 17685

847 54208
18069 18069

865 55360
18453 18453

883 56512
18837 18837

901 57664
19221 19221

919 58816
19605 19605

937 59968
19989 19989

955 61120
20373 20373

973 62272
20757 20757

991 63424
21141 21141

1009 64576
21525 21525

1027 65728
21909 21909

1045 66880
22293 22293

1063 68032
22677 22677

1081 69184
23061 23061

1099 70336
23445 23445

1117 71488
23829 23829

1135 72640
24213 24213

1153 73792
24597 24597

1171 74944
24981 24981

1189 76096
25365 25365

1207 77248
25749 25749

1225 78400
26133 26133

1243 79552
26517 26517

1261 80704
26901 26901

1279 81856
27285 27285

1297 83008
27669 27669

1315 84160
28053 28053

1333 85312
28437 28437

1351 86464
28821 28821

1369 87616
29205 29205

1387 88768
29589 29589

1405 89920
29973 29973

1423 91072
30357 30357

1441 92224
30741 30741

1459 93376
31125 31125

1477 94528
31509 31509

1495 95680
31893 31893

1513 96832
32277 32277

1531 97984
32661 32661

1549 99136
33045 33045

1567 100288
33429 33429

1585 101440
33813 33813

1603 102592
34197 34197

1621 103744
34581 34581

1639 104896
34965 34965

1657 106048
35349 35349

1675 107200
35733 35733

1693 108352
36117 36117

1711 109504
36501 36501

1729 110656
36885 36885

1747 111808
37269 37269

1765 112960
37653 37653

1783 114112
38037 38037

1801 115264
38421 38421

1819 116416
38805 38805

1837 117568
39189 39189

1855 118720
39573 39573

1873 119872
39957 39957

1891 121024
40341 40341

1909 122176
40725 40725

1927 123328
41109 41109

1945 124480
41493 41493

1963 125632
41877 41877

1981 126784
42261 42261

1999 127936
42645 42645



7 1792
597 597

25 6400
2133 2133

43 11008
3669 3669

61 15616
5205 5205

79 20224
6741 6741

97 24832
8277 8277

115 29440
9813 9813

133 34048
11349 11349

151 38656
12885 12885

169 43264
14421 14421

187 47872
15957 15957

205 52480
17493 17493

223 57088
19029 19029

241 61696
20565 20565

259 66304
22101 22101

277 70912
23637 23637

295 75520
25173 25173

313 80128
26709 26709

331 84736
28245 28245

349 89344
29781 29781

367 93952
31317 31317

385 98560
32853 32853

403 103168
34389 34389

421 107776
35925 35925

439 112384
37461 37461

457 116992
38997 38997

475 121600
40533 40533

493 126208
42069 42069

511 130816
43605 43605

529 135424
45141 45141

547 140032
46677 46677

565 144640
48213 48213

583 149248
49749 49749

601 153856
51285 51285

619 158464
52821 52821

637 163072
54357 54357

655 167680
55893 55893

673 172288
57429 57429

691 176896
58965 58965

709 181504
60501 60501

727 186112
62037 62037

745 190720
63573 63573

763 195328
65109 65109

781 199936
66645 66645

799 204544
68181 68181

817 209152
69717 69717

835 213760
71253 71253

853 218368
72789 72789

871 222976
74325 74325

889 227584
75861 75861

907 232192
77397 77397

925 236800
78933 78933

943 241408
80469 80469

961 246016
82005 82005

979 250624
83541 83541

997 255232
85077 85077

1015 259840
86613 86613

1033 264448
88149 88149

1051 269056
89685 89685

1069 273664
91221 91221

1087 278272
92757 92757

1105 282880
94293 94293

1123 287488
95829 95829

1141 292096
97365 97365

1159 296704
98901 98901



13 13312
4437 4437

31 31744
10581 10581

49 50176
16725 16725

67 68608
22869 22869

85 87040
29013 29013

103 105472
35157 35157

121 123904
41301 41301

139 142336
47445 47445

157 160768
53589 53589

175 179200
59733 59733

193 197632
65877 65877

211 216064
72021 72021

229 234496
78165 78165

247 252928
84309 84309

265 271360
90453 90453

283 289792
96597 96597


