2 6
6 6

5 14
14 14

8 22
22 22

11 30
30 30

14 38
38 38

17 46
46 46

20 54
54 54

23 62
62 62

26 70
70 70

29 78
78 78

32 86
86 86

35 94
94 94

38 102
102 102

41 110
110 110

44 118
118 118

47 126
126 126

50 134
134 134

53 142
142 142

56 150
150 150

59 158
158 158

62 166
166 166

65 174
174 174

68 182
182 182

71 190
190 190

74 198
198 198

77 206
206 206

80 214
214 214

83 222
222 222

86 230
230 230

89 238
238 238

92 246
246 246

95 254
254 254

98 262
262 262

101 270
270 270

104 278
278 278

107 286
286 286

110 294
294 294

113 302
302 302

116 310
310 310

119 318
318 318

122 326
326 326

125 334
334 334

128 342
342 342

131 350
350 350

134 358
358 358

137 366
366 366

140 374
374 374

143 382
382 382

146 390
390 390

149 398
398 398

152 406
406 406

155 414
414 414

158 422
422 422

161 430
430 430

164 438
438 438

167 446
446 446

170 454
454 454

173 462
462 462

176 470
470 470

179 478
478 478

182 486
486 486

185 494
494 494

188 502
502 502

191 510
510 510

194 518
518 518

197 526
526 526

200 534
534 534

203 542
542 542

206 550
550 550

209 558
558 558

212 566
566 566

215 574
574 574

218 582
582 582

221 590
590 590

224 598
598 598

227 606
606 606

230 614
614 614

233 622
622 622

236 630
630 630

239 638
638 638

242 646
646 646

245 654
654 654

248 662
662 662

251 670
670 670

254 678
678 678

257 686
686 686

260 694
694 694

263 702
702 702

266 710
710 710

269 718
718 718

272 726
726 726

275 734
734 734

278 742
742 742

281 750
750 750

284 758
758 758

287 766
766 766

290 774
774 774

293 782
782 782

296 790
790 790

299 798
798 798

302 806
806 806

